shape_id,shape_pt_lat,shape_pt_lon,shape_pt_sequence,shape_dist_traveled
S001,31.245225592365845,32.29110953738866,1,0.0
S001,31.245137864519492,32.29034353427067,2,73.47
S001,31.245117462683083,32.28987104636611,3,118.45
S001,31.2452031503664,32.28950355577367,4,154.66
S001,31.24530515941183,32.28917185971946,5,188.17
S001,31.24535616389323,32.288921297951894,6,212.66
S001,31.24537248532146,32.28874948416842,7,229.09
S001,31.245211311094085,32.28769473844208,8,330.95
S001,31.245052176776934,32.28653260910107,9,442.84
S001,31.2446986845,32.2839796543,10,688.7
S001,31.24429118460443,32.280955820045754,11,979.72
S001,31.243950470303975,32.278419180436934,12,1223.83
S001,31.243905585693717,32.27808748438273,13,1255.76
S001,31.24389538464296,32.27794430622983,14,1269.42
S001,31.243905585693717,32.27779635547184,15,1283.53
S001,31.244077983284896,32.27751477177114,16,1316.45
S001,31.244288124301814,32.27716637159909,17,1356.99
S001,31.244676781940775,32.27633832461484,18,1446.79
S001,31.2453499456,32.2751069069,19,1585.74
S001,31.2465349313,32.272875309,20,1835.48
S001,31.2474137718,32.2712659836,21,2017.02
S001,31.247721721473212,32.27068994648307,22,2081.6
S001,31.2480741866,32.2701609135,23,2145.36
S001,31.24842352275936,32.269496795208944,24,2219.49
S001,31.248584691504306,32.26921282520569,25,2251.89
S001,31.24868057657648,32.269095896380826,26,2267.29
S001,31.248782581865527,32.26910066898593,27,2278.64
S001,31.248880506839345,32.26917941697002,28,2291.86
S001,31.248994752513774,32.269305891005075,29,2309.35
S001,31.249459894189737,32.26987383101157,30,2384.12
S001,31.249694504253462,32.27016495992246,31,2422.15
S001,31.249851590665955,32.2703057517728,32,2444.15
S001,31.249951554610565,32.27038211345435,33,2457.43
S001,31.251267906681697,32.27160688323721,34,2644.46
S001,31.25182177889822,32.270865936295976,35,2738.02
S001,31.251304627592194,32.270314700407326,36,2815.82
S001,31.250778293176946,32.269777782333975,37,2893.48
S001,31.250236655279384,32.26920149026858,38,2974.89
S001,31.251013919993035,32.26856792694202,39,3080.23
S001,31.25180341854532,32.2679415225231,40,3186.31
S001,31.253293145570687,32.266711681847276,41,3389.06
S001,31.253353325764493,32.266668728401406,42,3396.9
S001,31.253573646146663,32.267055309414225,43,3441.07
S001,31.25382252595992,32.26744904933468,44,3487.61
S001,31.25427132396481,32.268198348334835,45,3574.58
S001,31.25473847962181,32.26898105557065,46,3665.33
S001,31.25479559893218,32.26906934876494,47,3675.85
S001,31.25491391739372,32.268954806242625,48,3692.93
S001,31.25445186256046,32.26822340451159,49,3779.38
S001,31.25392248570023,32.267353597232756,50,3880.87
S001,31.25363790616128,32.26691690386644,51,3933.07
S001,31.2534045808993,32.26651958449215,52,3978.89
S001,31.2538488935,32.266100049,53,4042.38
S001,31.2548394465,32.2652363777,54,4179.76
S001,31.2560042502,32.2642707825,55,4338.5
S001,31.2571140104,32.2633641958,56,4489.02
S001,31.2582696146,32.2624307871,57,4645.17
S001,31.25925095,32.26162076,58,4778.72
S001,31.2599213131,32.2610628605,59,4870.2
S001,31.26069655145216,32.26041363284681,60,4976.21
S001,31.2613649134,32.2598236799,61,5069.31
S001,31.2620894279,32.2592282295,62,5167.77
S001,31.2632871001,32.2582626343,63,5329.5
S001,31.2641537479,32.257527709,64,5448.53
S001,31.264863962941828,32.256956663459945,65,5544.35
S001,31.26562580916258,32.258178152076844,66,5688.07
S001,31.26609392848834,32.25894147060446,67,5777.36
S001,31.266512072327654,32.259623953133264,68,5857.17
S001,31.267017921910185,32.26043052339458,69,5952.25
S001,31.267623204086725,32.26140652113683,70,6066.86
S001,31.26771193088656,32.261322403972,71,6079.56
S001,31.267566602463933,32.26109630180555,72,6106.45
S001,31.2669178541,32.2600114346,73,6232.29
S001,31.266358448,32.2591155767,74,6337.73
S001,31.265749723327755,32.25814593699243,75,6452.08
S001,31.265162276953724,32.25720901495442,76,6562.52
S001,31.264958046693547,32.256868071977834,77,6602.09
S001,31.26543534818402,32.25646269883244,78,6667.68
S001,31.26609077328007,32.25592276059493,79,6756.81
S001,31.26602279285808,32.25584524304808,80,6767.37
S001,31.265607738333234,32.2562073271738,81,6824.94
S001,31.26490211276709,32.25678854098821,82,6920.9
S001,31.264498240150097,32.25713485314551,83,6976.58
S001,31.2640703506,32.2574579716,84,7033.21
S001,31.263403644878267,32.25801002960509,85,7124.03
S001,31.26270144500016,32.258619431618335,86,7221.25
S001,31.261817950803067,32.25934427101737,87,7341.24
S001,31.261510446986374,32.25959393792149,88,7382.86
S001,31.261209826614966,32.25983823564487,89,7423.56
S001,31.26078069511277,32.26020333993475,90,7482.57
S001,31.2600947068,32.2607302666,91,7573.82
S001,31.25916697511674,32.26149737834931,92,7700.14
S001,31.258310886,32.2622108459,93,7817.02
S001,31.2568572076,32.2634017467,94,8014.36
S001,31.2549678508,32.2649681568,95,8271.86
S001,31.2537709329,32.2659552097,96,8434.7
S001,31.25335128575854,32.26632152138063,97,8492.93
S001,31.253210525242146,32.26660071877878,98,8523.74
S001,31.2521706249249,32.26741892226503,99,8663.09
S001,31.25142703052406,32.26802027050719,100,8763.61
S001,31.25102310024669,32.26837463643561,101,8819.76
S001,31.250655889404047,32.26869678727962,102,8870.8
S001,31.250157092388637,32.26910484501537,103,8938.48
S001,31.249826599663262,32.26866815164904,104,8993.92
S001,31.249529767247925,32.268195663744486,105,9049.66
S001,31.24939818144571,32.26798089651515,106,9074.78
S001,31.249294136728086,32.268073962314524,107,9089.34
S001,31.24964299209376,32.268634146837734,108,9155.23
S001,31.249783757928977,32.26886502160927,109,9182.18
S001,31.24988780210709,32.26903504566584,110,9202.06
S001,31.249942884272617,32.26915495736889,111,9215.0
S001,31.24996277504672,32.26928023825266,112,9227.11
S001,31.249929113734243,32.26943952394776,113,9242.71
S001,31.24984802052312,32.26957196373919,114,9258.2
S001,31.24975162661551,32.26967576790004,115,9272.77
S001,31.24964299209376,32.269770623426325,116,9287.84
S001,31.249520586849073,32.26979031042235,117,9301.58
S001,31.249249106,32.2694689035,118,9344.53
S001,31.24902407894809,32.26920149026857,119,9380.2
S001,31.248910088321878,32.2690601018426,120,9398.67
S001,31.2487904908,32.2689861059,121,9413.72
S001,31.248670376041527,32.26896107028684,122,9427.29
S001,31.248559190138938,32.26901714839672,123,9440.75
S001,31.2484602864,32.2691094875,124,9454.82
S001,31.2478090467,32.2702842951,125,9587.92
S001,31.2471211125,32.271502018,126,9726.68
S001,31.2467083496,32.2723066807,127,9815.88
S001,31.246185514,32.2732186317,128,9920.27
S001,31.24556263646647,32.274361252784736,129,10049.1
S001,31.244813474798434,32.27581811065932,130,10210.72
S001,31.244264661978452,32.27683467554488,131,10325.01
S001,31.243809695773074,32.277600678662886,132,10413.68
S001,31.243777052373623,32.27774624311832,133,10427.99
S001,31.243783173011874,32.27795862404512,134,10448.19
S001,31.24385662064002,32.2785408818669,135,10504.15
S001,31.243949450782004,32.27925432715544,136,10572.75
S001,31.244147525764596,32.28070808448261,137,10712.7
S001,31.244422929027955,32.28274583816529,138,10908.83
S001,31.2448508942,32.2858464718,139,11207.42
S001,31.245027694550494,32.28723895465536,140,11341.25
S001,31.24517458781393,32.288300859289336,141,11443.51
S001,31.24519090927354,32.288582442990034,142,11470.34
S001,31.245199070002293,32.28880675542957,143,11491.69
S001,31.2451031434,32.2892153263,144,11531.97
S001,31.244990971198938,32.289675369557145,145,11577.45
S001,31.244950167458242,32.289999906703706,146,11608.63
S001,31.244962408582303,32.2903005808248,147,11637.25
S001,31.2450664526,32.2911250591,148,11716.48
S002,31.252119134185545,32.2764104425998,1,0.0
S002,31.251567870436958,32.27592469745884,2,76.74
S002,31.25078449009944,32.27522683653579,3,186.24
S002,31.250633978780964,32.27509744590873,4,207.01
S002,31.250369223349395,32.275559858313656,5,259.91
S002,31.250142548588627,32.27595651482615,6,305.27
S002,31.250481653828835,32.27802464370143,7,505.45
S002,31.250531219911657,32.278245244114785,8,527.13
S002,31.250595293102116,32.27844463294995,9,547.38
S002,31.250760916053352,32.27879391693777,10,585.35
S002,31.25090417362722,32.278986235246855,11,609.6
S002,31.251107272599914,32.27913613039952,12,636.3
S002,31.251183434602034,32.279187038187224,13,646.06
S002,31.251241462752894,32.27923158250146,14,653.77
S002,31.251281961545384,32.27928743965741,15,660.74
S002,31.25135956722022,32.27941989898682,16,676.0
S002,31.251467530417173,32.27975268027277,17,709.84
S002,31.25160776463207,32.28028155562276,18,762.47
S002,31.251830204683635,32.281110221278084,19,845.04
S002,31.25194142451289,32.28126860106204,20,864.52
S002,31.252290528469427,32.28157103061677,21,912.83
S002,31.252347013106245,32.2816836409423,22,925.24
S002,31.252385698067346,32.281817273885004,23,938.65
S002,31.252309537035064,32.2819183824078,24,951.46
S002,31.252193482010565,32.28210787250645,25,973.62
S002,31.252207988896433,32.28217221429369,26,979.94
S002,31.252251509540645,32.282201910503176,27,985.55
S002,31.252302888053134,32.28219766818754,28,991.27
S002,31.252450374451286,32.28196575493247,29,1018.75
S002,31.252917010226128,32.28118799706484,30,1109.07
S002,31.253267589990426,32.2805516497186,31,1181.04
S002,31.253395732613868,32.28064498066272,32,1197.82
S002,31.256330702199765,32.28291749954224,33,1589.19
S002,31.257825915081007,32.283965829994,34,1783.03
S002,31.258802414494834,32.28471994400025,35,1913.14
S002,31.261342845394896,32.28666186332703,36,2250.58
S002,31.263115024957383,32.28799390869549,37,2484.81
S002,31.263330789688172,32.28814663205858,38,2512.85
S002,31.26354655392566,32.28833541510462,39,2542.81
S002,31.263617379788958,32.28845128335056,40,2556.35
S002,31.26363913748348,32.28854832632086,41,2565.88
S002,31.26353748821132,32.28873207161708,42,2586.68
S002,31.263096893444924,32.28950629422164,43,2675.09
S002,31.262667175580187,32.29027521393164,44,2762.41
S002,31.262556346129944,32.29047248160896,45,2784.85
S002,31.262699132514065,32.29057270631599,46,2803.36
S002,31.26289767322245,32.2902211244072,47,2843.41
S002,31.263191403915343,32.289683410899656,48,2904.07
S002,31.263536808282716,32.28905979050038,49,2974.7
S002,31.263769343581778,32.2886573008039,50,3020.87
S002,31.26386317345248,32.28862230169986,51,3031.82
S002,31.264169139774058,32.28881002416699,52,3070.24
S002,31.264463263051848,32.28902220726014,53,3108.66
S002,31.264816425256203,32.289280921203186,54,3155.0
S002,31.264941530341588,32.28936682809492,55,3171.13
S002,31.265013601674177,32.289408190672425,56,3180.05
S002,31.264906174573404,32.289597504007915,57,3201.65
S002,31.264842262189603,32.28971522826697,58,3214.91
S002,31.264982325442283,32.28983613426276,59,3234.26
S002,31.265836580960944,32.290484011173255,60,3347.46
S002,31.266790325878837,32.291208207607276,61,3473.89
S002,31.268052786067006,32.292166756418226,62,3641.24
S002,31.268878901871755,32.29279339313508,63,3750.72
S002,31.26840433377867,32.29367852210999,64,3850.03
S002,31.267737183292514,32.29488819837571,65,3986.86
S002,31.26676969207637,32.29665040969849,66,4185.92
S002,31.265921409625463,32.2982007265091,67,4360.87
S002,31.265100631778896,32.29968398809434,68,4528.82
S002,31.26438301848255,32.30096340179444,69,4674.26
S002,31.264034526989906,32.30159372091294,70,4745.61
S002,31.263087632422213,32.30326741933823,71,4936.38
S002,31.26216594868201,32.30493843555451,72,5125.41
S002,31.26121674258587,32.306647002697,73,5319.09
S002,31.261173346830077,32.30673274717289,74,5328.56
S002,31.261083593962834,32.306692975463754,75,5339.23
S002,31.260955763974252,32.30668343025356,76,5353.48
S002,31.260856491629635,32.30673115630453,77,5365.41
S002,31.26078577701911,32.306794791039145,78,5375.33
S002,31.260736820719252,32.30689501574618,79,5386.3
S002,31.26072322174256,32.30702387608378,80,5398.65
S002,31.260762658769565,32.30715750902649,81,5412.08
S002,31.26086465100437,32.30727523328553,82,5428.02
S002,31.260973442600005,32.30732773194159,83,5441.1
S002,31.261082234070248,32.307307050652845,84,5453.36
S002,31.261188305632984,32.30724023418149,85,5466.75
S002,31.26123726169866,32.307175008578504,86,5475.0
S002,31.26130661608155,32.307221143761105,87,5483.87
S002,31.261815213332202,32.30760931564229,88,5551.4
S002,31.26232652759139,32.30799271491838,89,5618.93
S002,31.262616180450554,32.308217027357905,90,5657.56
S002,31.26293710934084,32.30845406674438,91,5699.76
S002,31.262950707998538,32.30838725027303,92,5706.29
S002,31.262988784229638,32.30816611957022,93,5727.73
S002,31.263113211806306,32.30782885547672,94,5762.64
S002,31.26375023034537,32.30602473020554,95,5948.18
S002,31.26439906740186,32.30421960353852,96,6134.3
S002,31.265045607310366,32.30243057012559,97,6318.92
S002,31.265760922898515,32.30041891336442,98,6526.0
S002,31.26608252754057,32.299544850202516,99,6616.45
S002,31.267172996446295,32.296541644423385,100,6926.57
S002,31.267238267055365,32.296357103693,101,6945.56
S002,31.267333453279328,32.29634437674606,102,6956.21
S002,31.267484994594934,32.296371459960945,103,6973.26
S002,31.268206442454492,32.29653846268666,104,7055.03
S002,31.268273655188978,32.29615956544877,105,7091.81
S002,31.26848111962103,32.294931685637486,106,7210.77
S002,31.268670129682082,32.293819668649995,107,7318.53
S002,31.268719081866376,32.29353649408093,108,7345.99
S002,31.268787070969097,32.293294682089375,109,7370.18
S002,31.26891489034958,32.29300832578358,110,7400.89
S002,31.269068545333077,32.29267265255846,111,7437.08
S002,31.269148772171935,32.29261856303403,112,7447.37
S002,31.269215401189633,32.29265356213807,113,7455.49
S002,31.269398970688897,32.29279355855424,114,7479.86
S002,31.269677723689973,32.29301468925704,115,7517.31
S002,31.270239306503374,32.293423542426986,116,7590.86
S002,31.27032361162504,32.293393315928036,117,7600.66
S002,31.270398398363458,32.2933535442189,118,7609.8
S002,31.270437831347135,32.29327400080062,119,7618.54
S002,31.270463666741282,32.29306559704474,120,7638.55
S002,31.270482703342967,32.2929431001806,121,7650.38
S002,31.27052621556098,32.29288901065617,122,7657.44
S002,31.270538725123192,32.292627096176155,123,7682.38
S002,31.27066023037437,32.29089170694352,124,7847.86
S002,31.27067714841168,32.29062361410367,125,7873.41
S002,31.270652672830664,32.29053293460684,126,7882.45
S002,31.270659471603818,32.290332485192785,127,7901.51
S002,31.270612086803002,32.29023456573487,128,7912.21
S002,31.27054253263757,32.29020839746027,129,7920.33
S002,31.270482703342967,32.29020839746027,130,7926.99
S002,31.270425593526376,32.2902577143796,131,7934.88
S002,31.270361684881102,32.29035316648153,132,7946.4
S002,31.27029369691307,32.2904518003202,133,7958.44
S002,31.270227068656872,32.290486799424244,134,7966.57
S002,31.270114601793598,32.29070127010346,135,7990.48
S002,31.26945434114013,32.29186803102494,136,8123.47
S002,31.26911749731065,32.29236879670066,137,8184.04
S002,31.268771149905486,32.292106747627265,138,8229.9
S002,31.26728857978569,32.29099110469611,139,8425.91
S002,31.26710092676297,32.29100701337977,140,8446.83
S002,31.266998941268014,32.290940196908416,141,8459.83
S002,31.266675693585896,32.29068785905839,142,8503.04
S002,31.2659878969038,32.29015946388245,143,8594.54
S002,31.265258371826807,32.28955773229877,144,8693.79
S002,31.26507887377698,32.28942091761934,145,8717.61
S002,31.26503671888244,32.28936126005563,146,8724.97
S002,31.26499287549794,32.28929847478867,147,8732.67
S002,31.26468214108056,32.289051836158535,148,8774.43
S002,31.26435849843392,32.288825932850635,149,8816.33
S002,31.26408108956765,32.288619119963116,150,8852.91
S002,31.264000858419976,32.28851571351936,151,8866.18
S002,31.263961422746124,32.28841071620724,152,8877.09
S002,31.263939665125907,32.28832640018386,153,8885.46
S002,31.263965502299357,32.2882277663452,154,8895.26
S002,31.264378896112493,32.287530966001114,155,8975.88
S002,31.26461278917829,32.287110976752615,156,9023.52
S002,31.264759651969833,32.28684689260393,157,9053.47
S002,31.265028899827357,32.286385540777935,158,9106.56
S002,31.265292707589104,32.28587646290097,159,9163.15
S002,31.265455887278737,32.28549147275652,160,9203.99
S002,31.265455887278737,32.28541033846988,161,9211.7
S002,31.26541509238278,32.285384884576025,162,9216.84
S002,31.26534302135683,32.28538965718113,163,9224.87
S002,31.265277749436773,32.28559647006864,164,9245.83
S002,31.265077853900728,32.286061003631374,165,9295.26
S002,31.264725655973603,32.28668780576739,166,9366.55
S002,31.264310903833447,32.28739415132168,167,9448.0
S002,31.264057972125325,32.28786663922623,168,9500.99
S002,31.263923346907454,32.28810686034943,169,9528.29
S002,31.263834956508454,32.288207085056456,170,9541.98
S002,31.26375472515152,32.28821822113501,171,9550.96
S002,31.263692171842862,32.288265947185984,172,9559.27
S002,31.263396062954914,32.288080876166134,173,9596.6
S002,31.263040685734186,32.28780512564945,174,9644.02
S002,31.262406687840862,32.28730291128159,175,9729.15
S002,31.261129616910285,32.28632658720017,176,9898.79
S002,31.260030804589555,32.28548457899361,177,10044.85
S002,31.258474538015847,32.284261286258705,178,10253.34
S002,31.257000226207268,32.28319913148881,179,10445.87
S002,31.255349336511536,32.28202164173127,180,10660.87
S002,31.253762620872624,32.280790507793434,181,10872.59
S002,31.253325314637237,32.28047016190551,182,10929.97
S002,31.25379315497429,32.27974896824648,183,11016.02
S002,31.254290006127032,32.278917474380776,184,11112.46
S002,31.254833427560683,32.27800905704499,185,11217.85
S002,31.25508786382087,32.27757124621723,186,11268.18
S002,31.255079401729198,32.277532358323846,187,11271.99
S002,31.255053411014305,32.2774970056935,188,11276.42
S002,31.2550111005329,32.27747296590487,189,11281.65
S002,31.254871475809708,32.2777153081859,190,11309.43
S002,31.254413819534857,32.27843821048737,191,11394.94
S002,31.25239829925272,32.276646494865425,192,11676.43
S003,31.266833886113638,32.27381676435471,1,0.0
S003,31.266295411157163,32.273602384304105,2,63.25
S003,31.266364411869905,32.27308954394177,3,112.59
S003,31.266551890553114,32.27253735065461,4,169.06
S003,31.266937055010583,32.27135986089707,5,288.89
S003,31.26708282805801,32.270921052286205,6,333.64
S003,31.267246561024596,32.270512282848365,7,376.54
S003,31.267359279283173,32.27022249195726,8,406.8
S003,31.26743053411694,32.27006895641669,9,423.41
S003,31.267535161370258,32.26998242779588,10,437.66
S003,31.266879738970648,32.26946353912354,11,525.65
S003,31.266250763610277,32.26896663982511,12,610.05
S003,31.266921006522914,32.26784884929658,13,739.82
S003,31.26742997151679,32.26804196834565,14,799.32
S003,31.268035223611548,32.2683209180832,15,871.65
S003,31.269016457394567,32.268801033496864,16,989.92
S003,31.269594188400347,32.26906925439835,17,1059.03
S003,31.270708373921188,32.26960569620133,18,1193.0
S003,31.270408049489735,32.27030843496323,19,1267.68
S003,31.270020606635406,32.271147966384895,20,1358.35
S003,31.26951624077268,32.27226376533509,21,1478.32
S003,31.269131086843686,32.2730576992035,22,1565.08
S003,31.268953762435498,32.27334774481864,23,1598.98
S003,31.26879733121653,32.273651452363474,24,1632.68
S003,31.268656520019054,32.273999154567726,25,1669.25
S003,31.268026053154237,32.275380492210395,26,1818.08
S003,31.26769591609721,32.276029586792,27,1889.87
S003,31.26765268408525,32.276130716293096,28,1900.61
S003,31.267662882569038,32.27632639310206,29,1919.24
S003,31.267665942113965,32.27644451507819,30,1930.48
S003,31.267687358925663,32.27656263705433,31,1941.95
S003,31.26778016505347,32.27663422613078,32,1954.31
S003,31.267932055915352,32.27668672800065,33,1971.93
S003,31.268037166161786,32.27673683714036,34,1984.55
S003,31.26812691241566,32.27680246046044,35,1996.31
S003,31.268205440317775,32.27687643583943,36,2007.52
S003,31.268270710212644,32.276946831764604,37,2017.4
S003,31.26867027561277,32.277107834815986,38,2064.39
S003,31.269761546324524,32.27746188640595,39,2190.31
S003,31.270767980183184,32.2778481245041,40,2308.09
S003,31.271664682526186,32.27817697072825,41,2412.58
S003,31.27248279036352,32.27846235036851,42,2507.51
S003,31.273567139537292,32.278878092765815,43,2634.39
S003,31.273234729381773,32.28015214204789,44,2760.99
S003,31.27296880041401,32.28118211030961,45,2863.24
S003,31.27270057819576,32.28215843439103,46,2960.71
S003,31.272404845122438,32.283236682415016,47,3068.33
S003,31.272008240398247,32.28468775749207,48,3213.12
S003,31.27156349092084,32.286409735679634,49,3384.09
S003,31.271114154268037,32.288120985031135,50,3554.22
S003,31.270787646091087,32.289274470729026,51,3669.71
S003,31.27059592076114,32.28979468468455,52,3723.55
S003,31.27039887926303,32.29013532400132,53,3762.64
S003,31.269795934902312,32.291218936443336,54,3885.53
S003,31.269396608792075,32.29196622000349,55,3969.29
S003,31.26911105607621,32.29237189143669,56,4019.24
S003,31.268862216576245,32.292863469761635,57,4073.54
S003,31.268462440267744,32.29367481262805,58,4162.55
S003,31.267984786085293,32.29448854923249,59,4256.37
S003,31.26735431473195,32.29558020830155,60,4381.59
S003,31.266639011222733,32.296870350837715,61,4527.75
S003,31.265925994956493,32.298203408718116,62,4677.21
S003,31.264958485169597,32.2999119758606,63,4872.01
S003,31.264027648855404,32.301596403121955,64,5062.65
S003,31.263147243498473,32.3031708598137,65,5241.48
S003,31.2625227070148,32.30429624527043,66,5369.01
S003,31.262033151883273,32.30521019914642,67,5471.53
S003,31.26162110767938,32.30592131730581,68,5553.18
S003,31.2612274202001,32.30662527655755,69,5633.14
S003,31.26115398608441,32.30672550126458,70,5645.69
S003,31.26107239255552,32.3066920930289,71,5655.3
S003,31.26099079895609,32.30668970672635,72,5664.38
S003,31.26090920528612,32.30670641084419,73,5673.59
S003,31.26082761154561,32.306766068407896,74,5684.29
S003,31.260756216964808,32.30686867941748,75,5696.86
S003,31.260731738810378,32.30700469866272,76,5710.07
S003,31.26075213727284,32.30712640009269,77,5721.86
S003,31.26079716293553,32.30721831321717,78,5731.93
S003,31.260878607641697,32.30728866866597,79,5743.19
S003,31.260998958319206,32.30732207690165,80,5756.94
S003,31.261129508033143,32.30729344127107,81,5771.71
S003,31.261213141348744,32.307229011102265,82,5782.85
S003,31.261247818555425,32.307176512446205,83,5789.15
S003,31.261351850099025,32.307257646732836,84,5803.06
S003,31.26190668306153,32.30767047707369,85,5876.17
S003,31.262410517521456,32.30805944438906,86,5943.3
S003,31.262887831897054,32.30841977607385,87,6006.46
S003,31.262438786348977,32.309610843658454,88,6130.19
S003,31.261934379959268,32.311002910137184,89,6273.91
S003,31.26190056359812,32.31108050341517,90,6282.19
S003,31.262461512762233,32.31150049266366,91,6356.24
S003,31.263407979429314,32.312211610823056,92,6481.32
S003,31.264542095088768,32.313053975622594,93,6630.7
S003,31.265712776827204,32.3139238357544,94,6784.91
S003,31.266394182724067,32.31443803110061,95,6875.07
S003,31.266557360508926,32.314554959925474,96,6896.35
S003,31.266628750701067,32.31446666673118,97,6907.9
S003,31.2669163506423,32.31394168017056,98,6967.16
S003,31.267024455358083,32.31370543621828,99,6992.63
S003,31.267093805487896,32.31342146621504,100,7020.7
S003,31.26714339246606,32.31312990188599,101,7048.96
S003,31.267352848169065,32.31179400787712,102,7178.05
S003,31.267534381592686,32.31059608399788,103,7293.68
S003,31.26778532833088,32.30927824974061,104,7422.0
S003,31.268027987562856,32.307868540185204,105,7558.67
S003,31.268211754741188,32.30665504932404,106,7675.8
S003,31.26843592443227,32.30509088401901,107,7826.54
S003,31.26870924114807,32.303539787362624,108,7977.06
S003,31.269051905762726,32.30172619742594,109,8153.59
S003,31.269300744762404,32.30023237203072,110,8298.24
S003,31.269741310562065,32.297741072170325,111,8540.04
S003,31.269933037628725,32.296710189469465,112,8640.31
S003,31.270092130005278,32.29571748760937,113,8736.3
S003,31.27044090850741,32.29380605926821,114,8922.06
S003,31.270530652474836,32.293114031529214,115,8988.58
S003,31.270641889969127,32.29132354259492,116,9159.2
S003,31.270730536459087,32.29028387670696,117,9258.5
S003,31.270934499271785,32.289324583082546,118,9352.45
S003,31.271531395516618,32.287112474441535,119,9572.92
S003,31.27242547769253,32.283652424812324,120,9916.46
S003,31.273204927034758,32.280653715133674,121,10214.34
S003,31.273883501218116,32.278169989585884,122,10462.16
S003,31.2741815278599,32.27711029348917,123,10568.18
S003,31.274303901123744,32.27665689600501,124,10613.37
S003,31.27450581666202,32.27595532305582,125,10683.72
S003,31.27459351721574,32.275647490027076,126,10714.56
S003,31.274495618917936,32.2756188543965,127,10725.78
S003,31.27422027941063,32.276671213820286,128,10830.38
S003,31.27398165118754,32.27751596492238,129,10914.93
S003,31.273783813656003,32.27816503921551,130,10980.42
S003,31.273622687937163,32.27871269565034,131,11035.47
S003,31.27296650791966,32.27847576141358,132,11111.83
S003,31.27197062355051,32.27812685837474,133,11227.42
S003,31.27099364840496,32.277788003412894,134,11340.73
S003,31.270196151798697,32.27749926080454,135,11433.56
S003,31.269249753217554,32.27718426886816,136,11542.97
S003,31.26871943951764,32.276974274243905,137,11605.22
S003,31.268330880856986,32.27684422075503,138,11650.16
S003,31.268222777637998,32.27676070016584,139,11664.57
S003,31.26813711084819,32.27664377134098,140,11679.2
S003,31.268055523357024,32.27650297949063,141,11695.37
S003,31.26801268989592,32.27630014377402,142,11715.23
S003,31.26802084865191,32.27604480940136,143,11739.51
S003,31.26808203929939,32.275705954439495,144,11772.43
S003,31.26819218236486,32.27535039535981,145,11808.37
S003,31.26836306687516,32.27499961853028,146,11846.75
S003,31.268579721758293,32.274555756611235,147,11895.33
S003,31.268808165286607,32.274099972824516,148,11945.55
S003,31.269013152088938,32.27375276580374,149,11985.65
S003,31.268934624859085,32.27373248223208,150,11994.59
S003,31.268733717233225,32.27376827677031,151,12017.19
S003,31.268456831149308,32.27439706749177,152,12084.42
S003,31.26822022803229,32.274425703122354,153,12110.87
S003,31.267773536047372,32.27423479891849,154,12163.75
S003,31.267157662763044,32.27396950440144,155,12236.72
S004,31.263526716185847,32.289084776856214,1,0.0
S004,31.26373774624102,32.28873731629495,2,40.51
S004,31.263788549702344,32.288645879305136,3,50.88
S004,31.26386475484304,32.28861159043396,4,59.96
S004,31.263950729799706,32.2885018660462,5,74.11
S004,31.26395268377509,32.288298418743864,6,93.44
S004,31.26401911891385,32.28814068993645,7,110.16
S004,31.264537897580002,32.28722174818888,8,214.83
S004,31.26520615064188,32.28605935545595,9,347.97
S004,31.265428900610885,32.285527877952696,10,404.24
S004,31.2655835274,32.2850042582,11,456.89
S004,31.265801126359303,32.28422832973504,12,534.51
S004,31.265856813549732,32.28385800992632,13,570.24
S004,31.265903708000387,32.283484261230484,14,606.15
S004,31.265965256931512,32.282990501485514,15,653.57
S004,31.26605318390633,32.28250017062768,16,701.19
S004,31.26612938721824,32.282068130850824,17,743.12
S004,31.266431268964443,32.2809468847633,18,854.85
S004,31.266879693464798,32.27929416117253,19,1019.66
S004,31.2673259434,32.2776603699,20,1182.68
S004,31.2675303448328,32.27693508683548,21,1255.26
S004,31.267562584198323,32.27682536244771,22,1266.29
S004,31.267629993745203,32.276767071366706,23,1275.61
S004,31.26771791916877,32.27676364247959,24,1285.39
S004,31.26831874070353,32.276969375706656,25,1355.0
S004,31.269036790689977,32.27723682890185,26,1438.8
S004,31.269119219547942,32.277228256684054,27,1448.0
S004,31.2691302100569,32.27715882171992,28,1454.71
S004,31.26905071201326,32.27709753036269,29,1465.3
S004,31.2686464899,32.2769522667,30,1512.32
S004,31.268366366637135,32.27686779492579,31,1544.48
S004,31.268219825226126,32.27675807053802,32,1563.83
S004,31.268099661099274,32.27659348395637,33,1584.4
S004,31.268011736031443,32.27636031963235,34,1608.62
S004,31.268041044396487,32.27592485096838,35,1650.14
S004,31.2681421167,32.2755038738,36,1691.7
S004,31.268765705,32.2741681337,37,1836.35
S004,31.269002353723543,32.27376122319701,38,1883.13
S004,31.26892908354039,32.273733792100074,39,1891.69
S004,31.268849951678654,32.273733792100074,40,1900.49
S004,31.26873564998344,32.27378179651973,41,1913.99
S004,31.268509976999113,32.27434413400705,42,1973.03
S004,31.268416190665032,32.274412711749406,43,1985.33
S004,31.268287234303465,32.274433285072114,44,1999.8
S004,31.26809379943063,32.274395567313825,45,2021.61
S004,31.26783099426658,32.27426232056048,46,2053.46
S004,31.267119563649473,32.27394538638784,47,2138.11
S004,31.2662163033,32.2735458612,48,2245.48
S004,31.2650011865,32.2729718685,49,2391.2
S004,31.2639932582,32.2724890709,50,2512.3
S004,31.2631340603,32.2720813751,51,2615.4
S004,31.262540075375757,32.27173943568616,52,2689.01
S004,31.261868463,32.2707617283,53,2808.23
S004,31.2611439468,32.2696352005,54,2942.23
S004,31.260268921218184,32.26818281224873,55,3111.12
S004,31.2593830741,32.2667276859,56,3280.93
S004,31.258438285613323,32.26522821563925,57,3457.99
S004,31.25723809860345,32.26327329457433,58,3686.77
S004,31.25824268655607,32.262451339126564,59,3823.09
S004,31.25945235578099,32.26147387859411,60,3986.57
S004,31.260567060791658,32.26053196208101,61,4139.47
S004,31.261757710716402,32.259525622032825,62,4302.8
S004,31.262281819797558,32.25908798629442,63,4374.4
S004,31.263641451525547,32.257961685180895,64,4559.65
S004,31.264359238028938,32.2573485508469,65,4658.48
S004,31.26486624266573,32.256944237626655,66,4726.7
S004,31.2663512834,32.2593784332,67,5010.95
S004,31.26761389456691,32.261405012056606,68,5249.3
S004,31.267716431513552,32.261327259514246,69,5262.89
S004,31.2672571645,32.260606885,70,5348.3
S004,31.266097085,32.2587132454,71,5569.74
S004,31.265180016,32.2572541237,72,5741.88
S004,31.264957389277853,32.256866485084295,73,5786.27
S004,31.265789098046525,32.256188927215206,74,5898.96
S004,31.266091017909247,32.25591346106515,75,5941.53
S004,31.266015063317738,32.25585125903127,76,5951.84
S004,31.2645655748,32.2570717335,77,6150.42
S004,31.2635476111,32.2578978539,78,6288.18
S004,31.262549570052677,32.25875031811048,79,6425.59
S004,31.26173112539559,32.25941010396989,80,6536.11
S004,31.2609843117,32.2600382566,81,6638.39
S004,31.2597195455,32.2610414028,82,6808.3
S004,31.258235090468,32.26229361254065,83,7011.81
S004,31.257236199561277,32.26311112498598,84,7147.36
S004,31.256782327386656,32.26348878019171,85,7209.3
S004,31.256489873030148,32.26373536682603,86,7249.38
S004,31.25620691308253,32.2639686244531,87,7287.87
S004,31.256079675782658,32.264077478012396,88,7305.4
S004,31.256138546793473,32.264199660578946,89,7318.73
S004,31.257179228278382,32.263319946099735,90,7461.5
S004,31.25769006955356,32.26415078755233,91,7558.79
S004,31.25876301713372,32.265896887503494,92,7763.19
S004,31.259946093866475,32.26779849253937,93,7986.75
S004,31.259091545546703,32.26849604391937,94,8102.61
S004,31.259194091753592,32.268678207018596,95,8123.35
S004,31.25938778984039,32.26851381592905,96,8149.96
S004,31.259995467532956,32.26798954164345,97,8233.91
S004,31.261351334280615,32.27018438483907,98,8491.31
S004,31.262517288147286,32.271872725758776,99,8697.62
S004,31.2629515012,32.2721296549,100,8751.72
S004,31.2647719174,32.273004055,101,8970.54
S004,31.2665556161,32.2738140821,102,9183.3
S004,31.2673259434,32.2750747204,103,9330.58
S004,31.267495598,32.2764962912,104,9467.01
S004,31.26672142623743,32.27935245225353,105,9751.79
S004,31.266393167438075,32.28062456937423,106,9878.09
S004,31.26605318390633,32.28188297094647,107,10003.53
S004,31.265935947921694,32.282421306223966,108,10056.33
S004,31.26558423909387,32.28446492294618,109,10254.46
S004,31.26540838418836,32.2851849892409,110,10325.64
S004,31.265135808437154,32.28597020439088,111,10406.19
S004,31.2643454755,32.2873109579,112,10560.99
S004,31.263854984956655,32.28817040695814,113,10659.22
S004,31.263745562159922,32.28823898470049,114,10673.02
S004,31.26365958701635,32.288307562442846,115,10684.59
S004,31.263624415344125,32.28846300532552,116,10699.87
S004,31.26364590914537,32.28854529861635,117,10708.05
S004,31.26252040896939,32.29053862499416,118,10935.12
S004,31.262362134430624,32.29080150633986,119,10965.68
S004,31.26222926177337,32.29090437295339,120,10983.4
S004,31.262123745118163,32.29087694185645,121,10995.42
S004,31.26167822905113,32.29055691239213,122,11053.55
S004,31.260570291818823,32.28971569208589,123,11200.42
S004,31.260507762345664,32.28969969061267,124,11207.54
S004,31.260396381618996,32.2897362654086,125,11220.4
S004,31.25948579039736,32.29132726903126,126,11402.39
S004,31.258594731255528,32.292859981572924,127,11578.58
S004,31.25831725059461,32.29335031243077,128,11634.48
S004,31.259393964981367,32.29417204856873,129,11777.43
S004,31.260188275172208,32.29481673315482,130,11884.93
S004,31.260677764254027,32.29387036031031,131,11990.07
S004,31.261217078626313,32.29287941193326,132,12101.73
S004,31.26175052785409,32.29190217910469,133,12211.94
S004,31.26219018154446,32.291140966164534,134,12299.26
S004,31.262345525358704,32.290993524018475,135,12321.5
S004,31.262489144884015,32.2908837996307,136,12340.58
S004,31.26269724625739,32.29057862867721,137,12377.68
S004,31.262907301168898,32.2902117377556,138,12419.65
S004,31.263447579793496,32.28922421826569,139,12531.1
S005,31.263655782826547,32.288859729498135,1,0.0
S005,31.26375612979057,32.28867176717397,2,21.06
S005,31.263789390839374,32.288614389201335,3,27.65
S005,31.26385422166351,32.28861636775213,4,34.86
S005,31.26391003251122,32.28857811577036,5,42.06
S005,31.263930891102405,32.288534587653196,6,46.8
S005,31.263959642125926,32.28846006224045,7,54.57
S005,31.263963024598706,32.28840466281859,8,59.85
S005,31.263946675979152,32.288335413541276,9,66.68
S005,31.26395400467102,32.28827144039937,10,72.81
S005,31.26409043098513,32.288022802517936,11,100.9
S005,31.2642189646874,32.2877985667628,12,126.56
S005,31.26447377659716,32.28735273332023,13,177.53
S005,31.264707722,32.286913991,14,226.68
S005,31.264958593817525,32.286511189721544,15,274.05
S005,31.2652029428,32.2860342264,16,326.91
S005,31.26538703486927,32.28566305095359,17,367.69
S005,31.265529096472783,32.285233045917266,18,411.51
S005,31.26564071615408,32.28482282638875,19,452.43
S005,31.265804199287366,32.2842226659853,20,512.3
S005,31.26586395512057,32.283881036217174,21,545.44
S005,31.265897779160333,32.28348664509491,22,583.11
S005,31.26596429973649,32.28296430768882,23,633.31
S005,31.26605111465517,32.28247362709523,24,680.93
S005,31.266148076677734,32.28199086070477,25,728.07
S005,31.2663034243,32.2813993692,26,786.88
S005,31.2666748338,32.2800636292,27,920.38
S005,31.266714062309514,32.27988568267418,28,937.85
S005,31.266944627196285,32.27996416518849,29,964.55
S005,31.267111490430427,32.28002615977962,30,984.02
S005,31.26764139198772,32.28022005775612,31,1045.76
S005,31.268002174323883,32.280340089836805,32,1087.46
S005,31.268166780806474,32.280411317664914,33,1106.98
S005,31.268291926638746,32.28045352674823,34,1121.46
S005,31.26832687724694,32.280293923651925,35,1137.12
S005,31.268098006900047,32.28021082451914,36,1163.77
S005,31.267666195817487,32.280059135625955,37,1213.9
S005,31.267237765114157,32.27990348963122,38,1263.78
S005,31.26686739647789,32.27976433155963,39,1307.04
S005,31.2665005925,32.2796452045,40,1349.37
S005,31.26555333712186,32.27931124343088,41,1459.38
S005,31.2638502501,32.2787064314,42,1657.28
S005,31.262116941,32.2780680656,43,1859.34
S005,31.260490852478874,32.27748042444188,44,2048.59
S005,31.260301426847445,32.2773775398013,45,2071.81
S005,31.260078174722313,32.2772034273326,46,2101.65
S005,31.259893258420856,32.27697655350976,47,2131.44
S005,31.2596957575,32.2766894102,48,2166.47
S005,31.2591317229,32.2757828236,49,2273.05
S005,31.2585676849,32.274903059,50,2377.58
S005,31.257852389810836,32.2737528347712,51,2512.79
S005,31.25732919870745,32.27291920537564,52,2611.09
S005,31.2564399014,32.271502018,53,2778.2
S005,31.255707738894063,32.27028377573585,54,2919.75
S005,31.2549861942,32.2690987587,55,3058.05
S005,31.2544496468,32.2682243586,56,3160.36
S005,31.253642527,32.2669047117,57,3314.61
S005,31.253389386360126,32.266519253117245,58,3360.81
S005,31.2535645662,32.2663575411,59,3385.62
S005,31.2543395854,32.2656655312,60,3494.04
S005,31.2556970002,32.2645497322,61,3678.52
S005,31.2570727386,32.2634232044,62,3865.25
S005,31.25776331222002,32.262848052143816,63,3959.51
S005,31.258594183002145,32.262159516472174,64,4072.73
S005,31.25929185510902,32.26161640428289,65,4165.91
S005,31.259829693358522,32.26116232687874,66,4239.67
S005,31.2603751393965,32.26070528164841,67,4314.27
S005,31.2613282289,32.2598880529,68,4445.67
S005,31.26301099466236,32.258479412020215,69,4675.75
S005,31.263987813,32.2576671839,70,4809.01
S005,31.26443671052692,32.257307120682704,71,4869.53
S005,31.264857825327027,32.25694504588985,72,4927.64
S005,31.2661658648,32.259067297,73,5176.33
S005,31.2671287769,32.2606390715,74,5360.12
S005,31.26761151463862,32.26140272079857,75,5450.4
S005,31.267706642957698,32.26131516992653,76,5463.85
S005,31.2668078073,32.2598826885,77,5632.75
S005,31.2654918204,32.2577476501,78,5882.93
S005,31.26491363558119,32.25678181545045,79,5995.01
S005,31.264566089370312,32.257084533719876,80,6043.19
S005,31.263665507466737,32.25780571547942,81,6164.54
S005,31.262556892026197,32.25874354854943,82,6316.67
S005,31.2613465712,32.2597163916,83,6479.95
S005,31.260623760265617,32.260322432072364,84,6578.84
S005,31.260225459169664,32.26063405382031,85,6632.12
S005,31.2594802325,32.2612559795,86,6733.91
S005,31.258141327620063,32.262361328651785,87,6916.13
S005,31.25738529530612,32.26300534693088,88,7020.12
S005,31.2566049898,32.2636431456,89,7125.97
S005,31.254825395965895,32.26509172872905,90,7367.05
S005,31.2540460877,32.2657245398,91,7472.53
S005,31.253306506458202,32.26635701195323,92,7574.4
S005,31.253188952186814,32.26616212470133,93,7597.08
S005,31.252920860243368,32.26570606874641,94,7649.69
S005,31.252719579356448,32.26537268293989,95,7688.49
S005,31.25248869781067,32.26500269394391,96,7732.03
S005,31.25227303871395,32.26463468349872,97,7774.44
S005,31.251996486916102,32.264174670442216,98,7827.9
S005,31.251702174021272,32.26370278608105,99,7883.43
S005,31.25145860403518,32.26330806520031,100,7929.71
S005,31.251354579162136,32.26340303563778,101,7944.38
S005,31.25164381876934,32.26387195217279,102,7999.35
S005,31.25190514852968,32.2643200939246,103,8050.91
S005,31.252204535133078,32.26480384959046,104,8107.68
S005,31.252440491702387,32.26518669916651,105,8152.55
S005,31.252626550230097,32.265501288740616,106,8188.91
S005,31.252821911289562,32.265836653097935,107,8227.49
S005,31.253205020764923,32.266416368476655,108,8297.14
S005,31.253448586245515,32.26682790703902,109,8344.72
S005,31.253664023500534,32.26719975471497,110,8387.42
S005,31.254701923677942,32.268906704392535,111,8586.54
S005,31.25584304954028,32.270798198938806,112,8806.6
S005,31.2565041025,32.271861434,113,8931.57
S005,31.2577514288,32.2738409042,114,9165.32
S005,31.2583613287,32.2747904062,115,9278.22
S005,31.25963392397312,32.27683937398896,116,9518.96
S005,31.259866197468305,32.277174408587825,117,9559.96
S005,31.26011651098338,32.277422386952324,118,9596.43
S005,31.2602927478,32.2775262594,119,9618.38
S005,31.2608008887,32.277751565,120,9678.8
S005,31.2623095325,32.2782933712,121,9854.28
S005,31.263272484,32.2786474228,122,9966.52
S005,31.264759593562157,32.27918461618093,123,10139.58
S005,31.265564611840244,32.27947744169646,124,10233.33
S005,31.2663593077,32.2797685862,125,10325.92
S005,31.26659511541169,32.27985468537863,126,10353.39
S005,31.2664960072,32.2802138329,127,10389.26
S005,31.2661521088,32.2815227509,128,10519.41
S005,31.26597895680629,32.282193991918234,129,10586.05
S005,31.265849298032904,32.282900994063844,130,10654.78
S005,31.26568919738866,32.28381640355835,131,10743.59
S005,31.265612529378338,32.284254322797786,132,10786.07
S005,31.265514439333106,32.284781936339286,133,10837.39
S005,31.2653909426,32.2852402925,134,10883.07
S005,31.26528217973902,32.28558654699007,135,10918.13
S005,31.26515815739154,32.28589124381028,136,10950.21
S005,31.264878542773744,32.28641490025023,137,11008.9
S005,31.264644026649,32.28683039591415,138,11056.22
S005,31.263859421,32.2881692648,139,11210.51
S005,31.263822651876456,32.2882134029098,140,11216.37
S005,31.26376965971015,32.288225274214476,141,11222.37
S005,31.26371892250176,32.288245059722286,142,11228.32
S005,31.26367382273807,32.288287268805604,143,11234.74
S005,31.26364789036418,32.28833475402434,144,11240.09
S005,31.263616320508095,32.28843236252952,145,11250.01
S005,31.26364789036418,32.2885128235946,146,11258.43
S005,31.263661420299265,32.28854843750865,147,11262.13
S005,31.26327243389165,32.28921191153708,148,11338.6
S005,31.263042423783244,32.28962345009945,149,11385.34
S005,31.262807903095513,32.29001388412016,150,11430.69
S005,31.262498966300054,32.290567878338734,151,11493.57
S005,31.26237945033415,32.29075518114596,152,11515.78
S005,31.262305034656283,32.29084751351572,153,11527.84
S005,31.262262189239387,32.29089236066675,154,11534.24
S005,31.26221934380303,32.290897636802164,155,11539.03
S005,31.262153948099513,32.29089236066675,156,11546.32
S005,31.2620107539008,32.29080002829699,157,11564.5
S005,31.261539451775445,32.29044388915647,158,11626.89
S005,31.261133543752372,32.29014578750554,159,11680.18
S005,31.260779500329065,32.28987406653166,160,11727.26
S005,31.26057428983879,32.2897131444015,161,11754.73
S005,31.260533698699938,32.28969863502911,162,11759.45
S005,31.260494235075996,32.289707868266085,163,11763.93
S005,31.26044349610667,32.28972369667233,164,11769.77
S005,31.26040064984466,32.28973952507858,165,11774.76
S005,31.260260835591247,32.2899756321384,166,11802.06
S005,31.259992481847185,32.290445208190334,167,11855.75
S005,31.259778249318924,32.290801347330856,168,11897.15
S005,31.259636179058347,32.29105196376306,169,11925.73
S005,31.259460282248973,32.291365893820256,170,11961.41
S005,31.259228007754857,32.2917721562472,171,12007.87
S005,31.258937100057924,32.29226019877309,172,12064.42
S005,31.258734140668633,32.29262425211672,173,12105.73
S005,31.258583048395437,32.29288278275205,174,12135.5
S005,31.258449996790425,32.29310701850719,175,12161.45
S005,31.258455634574105,32.29315582275978,176,12166.13
S005,31.25849397149419,32.293194074741535,177,12171.73
S005,31.25853907373317,32.29320198894466,178,12176.8
S005,31.258583048395437,32.293178246335295,179,12182.19
S005,31.258702569168843,32.29294082024162,180,12208.38
S005,31.258893125560615,32.29259523337194,181,12247.47
S005,31.25908029892002,32.29226283684079,182,12285.3
S005,31.260373589037577,32.293228369621744,183,12455.9
S005,31.260833621702687,32.29357791359299,184,12516.9
S005,31.261099718004967,32.29309382816866,185,12571.6
S005,31.261347773204303,32.29264139955682,186,12622.69
S005,31.26172436485159,32.291956820986734,187,12700.07
S005,31.261935210417082,32.291582215372266,188,12742.7
S005,31.26206825710906,32.29135534154942,189,12768.85
S005,31.26216860576113,32.29118518618229,190,12788.5
S005,31.262257679194363,32.29106779216931,191,12803.42
S005,31.26233773246136,32.291003159510474,192,12814.24
S005,31.262435825808623,32.290935888783935,193,12826.88
S005,31.262526026497717,32.290834323177194,194,12840.8
S005,31.262591421943412,32.290730119502754,195,12853.09
S005,31.262899230932614,32.29022229146906,196,12912.26
S005,31.26305031629624,32.28995057049519,197,12943.07
S005,31.263287091379553,32.28950341801876,198,12993.07
S005,31.263546415789165,32.28903779906839,199,13045.89
S005,31.263610683032674,32.28892831925853,200,13058.51
S006,31.27345686601587,32.26830291664598,1,0.0
S006,31.273078911964873,32.26989663929978,2,157.19
S006,31.27291149559257,32.27071180222139,3,236.86
S006,31.272088478482775,32.273899912834175,4,553.38
S006,31.27191375549508,32.2745699762436,5,619.96
S006,31.27171082401438,32.27556320873548,6,717.02
S006,31.27136245728795,32.277163856316996,7,874.0
S006,31.27120011118961,32.27784843488709,8,941.52
S006,31.27039006762854,32.27756748067624,9,1035.46
S006,31.270046769407198,32.27746063893409,10,1074.96
S006,31.269725454669288,32.27734192588726,11,1112.43
S006,31.269490386878434,32.27725882675447,12,1139.74
S006,31.269302670452195,32.27719749168027,13,1161.41
S006,31.269273921056648,32.27725684820369,14,1167.89
S006,31.26927222991545,32.277306311973206,15,1172.6
S006,31.26942105022396,32.277367647047406,16,1190.14
S006,31.26957494370518,32.27742304646926,17,1208.05
S006,31.269510680523766,32.27765255835981,18,1231.0
S006,31.269137964606216,32.279036343097694,19,1368.89
S006,31.268833049986263,32.28021383285523,20,1485.83
S006,31.2687767242418,32.2804621004683,21,1510.24
S006,31.26858224178163,32.2803908726402,22,1532.9
S006,31.268326877246906,32.28030084857968,23,1562.56
S006,31.268287980601492,32.28044923988823,24,1577.31
S006,31.269062309190925,32.280720770359046,25,1667.2
S006,31.27004582485779,32.28107750415803,26,1781.69
S006,31.270295364795675,32.28116349672004,27,1810.62
S006,31.269885345145898,32.28268951177598,28,1962.65
S006,31.26934200466621,32.284717261791236,29,2164.62
S006,31.2692231868078,32.28517797625392,30,2210.36
S006,31.26909465992202,32.28516808350002,31,2224.68
S006,31.268815620685714,32.28509487712113,32,2256.48
S006,31.268071905431906,32.28482186794282,33,2343.15
S006,31.26772989653222,32.28470114551579,34,2382.88
S006,31.267587838242076,32.285261075386714,35,2438.39
S006,31.26736348525455,32.28616833686829,36,2528.15
S006,31.266831593470183,32.28778839111329,37,2693.1
S006,31.265776971583506,32.28967666625977,38,2907.49
S006,31.265691593262947,32.28986912015481,39,2928.1
S006,31.265653541134217,32.289885937836445,40,2932.62
S006,31.26547723273752,32.2897469446441,41,2956.26
S006,31.265186344302975,32.28950852927503,42,2995.75
S006,31.265036671706728,32.28938486985125,43,3016.13
S006,31.264933084601402,32.289567391160766,44,3036.95
S006,31.264374980689446,32.290540838144835,45,3148.36
S006,31.26381010852058,32.29154000628904,46,3262.22
S006,31.262871466151946,32.29324155996037,47,3454.71
S006,31.262213565305153,32.29442671187796,48,3589.02
S006,31.261657136587594,32.29543181567451,49,3702.84
S006,31.260558712466928,32.297390699386604,50,3925.52
S006,31.26023898959542,32.297992060384644,51,3992.84
S006,31.25978783341608,32.297650265737296,52,4052.6
S006,31.259712570038495,32.29759684486621,53,4062.39
S006,31.25968635469065,32.29759387704004,54,4065.32
S006,31.259663944790738,32.29762652312792,55,4069.3
S006,31.259648722968898,32.29767549225974,56,4074.25
S006,31.259668173074143,32.29771308472457,57,4078.43
S006,31.25970665044446,32.29774869863863,58,4083.89
S006,31.25978064534328,32.297808055162044,59,4093.86
S006,31.25996716928038,32.29793518781663,60,4117.87
S006,31.260765063869087,32.29855209589005,61,4224.21
S006,31.262032968692846,32.29949355125428,62,4391.2
S006,31.262110820735735,32.29956253506676,63,4402.06
S006,31.26212604216049,32.29967729101204,64,4413.1
S006,31.262098981848116,32.29979996116044,65,4425.14
S006,31.26126259817228,32.30128794908524,66,4594.41
S006,31.26029733337655,32.30303943157197,67,4792.49
S006,31.25908214038075,32.30519056320191,68,5037.58
S006,31.258504965166903,32.30618276597871,69,5151.65
S006,31.25899959840228,32.30655312538148,70,5216.96
S006,31.259562043103305,32.30699792890033,71,5292.45
S006,31.259822505288923,32.3065013126544,72,5347.83
S006,31.260512557474847,32.30527757899659,73,5487.17
S006,31.26130379983013,32.30385236291762,74,5648.71
S006,31.26166573391543,32.30320076019387,75,5722.57
S006,31.262111102613982,32.30240670181391,76,5812.84
S006,31.262880063369163,32.30103226853831,77,5968.97
S006,31.263101053864084,32.30061941094208,78,6015.27
S006,31.26323297141286,32.300383303882256,79,6042.08
S006,31.262519261449004,32.29985173323921,80,6136.16
S006,31.262311799720308,32.299703671689116,81,6163.19
S006,31.26230165212406,32.29960672270087,82,6172.47
S006,31.26271093764085,32.29887465891204,83,6255.61
S006,31.26363788708041,32.2971922159195,84,6445.87
S006,31.26438531118547,32.29590475559235,85,6593.79
S006,31.26491721675904,32.29492843151093,86,6703.83
S006,31.26562106995676,32.293646335601814,87,6848.66
S006,31.266462477150625,32.29214698076249,88,7019.14
S006,31.267020448533472,32.29114033903136,89,7133.17
S006,31.267093169312677,32.29100728149136,90,7148.18
S006,31.267292305578156,32.29099590482437,91,7170.35
S006,31.26735826144605,32.29081585670334,92,7188.97
S006,31.268239266056323,32.28926360607148,93,7366.06
S006,31.268807164938405,32.28807061749521,94,7495.85
S006,31.26906689436934,32.28708864094686,95,7593.54
S006,31.269383845168825,32.28592784699978,96,7709.36
S006,31.269512371660664,32.28550641568351,97,7751.89
S006,31.26955634120978,32.285280860894524,98,7773.87
S006,31.269552958937513,32.285015735089885,99,7799.07
S006,31.269558032345895,32.28441821275414,100,7855.87
S006,31.26959692846772,32.28420057216827,101,7877.0
S006,31.26973221920136,32.28373561273482,102,7923.68
S006,31.269951829631072,32.28290408849717,103,8006.4
S006,31.27073588450831,32.27998852729798,104,8296.89
S006,31.27109581395106,32.27859109640122,105,8435.6
S006,31.27125084437535,32.278040354312814,106,8490.71
S006,31.27176747576332,32.27822040243385,107,8550.65
S006,31.27180172046074,32.27821248823073,108,8554.53
S006,31.27181820864395,32.278184293882106,109,8557.78
S006,31.271834274050473,32.278123453445595,110,8563.83
S006,31.27182032251339,32.27808536634308,111,8567.77
S006,31.271796647173012,32.27806508619758,112,8571.03
S006,31.271616122507325,32.27800474039876,113,8591.91
S006,31.271323561894,32.27789592010583,114,8626.04
S006,31.271443630232355,32.27736171139506,115,8678.54
S006,31.271910373307303,32.275197176841054,116,8890.7
S006,31.272089629091916,32.27436420696241,117,8972.34
S006,31.272306088453323,32.27343428809553,118,9063.94
S006,31.272947008181212,32.27103034889707,119,9303.26
S006,31.27309920483829,32.27050405438942,120,9356.07
S006,31.273242945900062,32.26994214596773,121,9411.81
S006,31.273441053064456,32.26911753416062,122,9493.22
S006,31.2736352733304,32.26833853056003,123,9570.34
S006,31.27364119205069,32.26830984157372,124,9573.14
S006,31.273465321346446,32.268256420702635,125,9593.35
S007,31.261041227621494,32.29653353870092,1,0.0
S007,31.260888874493805,32.29682475328446,2,32.45
S007,31.260340896608554,32.29780644178391,3,143.9
S007,31.260239130537347,32.29799420381472,4,165.03
S007,31.25964209865679,32.29756287974454,5,243.05
S007,31.258880370972584,32.29696691036225,6,344.95
S007,31.25727537168288,32.295735776424415,7,558.37
S007,31.256294015815566,32.294995486736305,8,688.21
S007,31.255065013705156,32.29405403137208,9,851.56
S007,31.254207896366072,32.29340881963697,10,964.9
S007,31.253362186996885,32.29276776918415,11,1076.95
S007,31.25196167562077,32.2917072659659,12,1262.47
S007,31.251058436249657,32.29101081609123,13,1382.76
S007,31.250486718474214,32.29057553491956,14,1458.61
S007,31.250232996458887,32.290409336654015,15,1490.95
S007,31.250023252411452,32.29038955114621,16,1514.34
S007,31.24894830685555,32.290570588542614,17,1635.11
S007,31.248538115907767,32.29063983781994,18,1681.19
S007,31.248135535018164,32.2907031514449,19,1726.36
S007,31.247743947338105,32.2907951540562,20,1770.77
S007,31.247377731040405,32.29091287782762,21,1813.0
S007,31.246674896245896,32.29110776507949,22,1893.32
S007,31.24564981373769,32.291258134938786,23,2008.2
S007,31.24258126592933,32.29168945900891,24,2351.86
S007,31.242589724026146,32.29180091736953,25,2362.5
S007,31.242822039455604,32.29176662248934,26,2388.53
S007,31.243879856856122,32.2916030622915,27,2507.18
S007,31.246475293593594,32.29125022073568,28,2797.72
S007,31.24684405070572,32.29117899290758,29,2839.28
S007,31.24721872675534,32.291055333483804,30,2882.57
S007,31.24804250137516,32.29082681086866,31,2976.71
S007,31.24862945755139,32.290735302895065,32,3042.55
S007,31.249938599239083,32.29059591875503,33,3188.73
S007,31.250205932737014,32.290626977239846,34,3218.6
S007,31.250354783111334,32.29069820506794,35,3236.48
S007,31.250544228702907,32.29082878941945,36,3260.93
S007,31.25108211679291,32.29123241377862,37,3331.99
S007,31.251873202148058,32.29179024696351,38,3434.7
S007,31.253653111874694,32.29313973673085,39,3670.56
S007,31.256751744518358,32.29544276983914,40,4078.78
S007,31.257249004651175,32.29585035129989,41,4146.29
S007,31.257780089152707,32.29625397565907,42,4216.71
S007,31.258043938940535,32.29649140175271,43,4253.73
S007,31.25874753476899,32.29701373915872,44,4346.39
S007,31.260504809868138,32.29837498209559,45,4580.74
S007,31.261928727204833,32.29942172820293,46,4767.74
S007,31.26196001574675,32.2993435754471,47,4775.94
S007,31.2618495477107,32.299265563488014,48,4790.29
S007,31.260758781982492,32.29841118339173,49,4936.26
S007,31.260415448720238,32.29814012193478,50,4982.32
S007,31.26031227936783,32.298055044251214,51,4996.35
S007,31.26052876574783,32.29766526974744,52,5040.53
S007,31.260884288918025,32.297007143497474,53,5114.53
S007,31.261103805283412,32.296598830876675,54,5160.38
S008,31.259973829026244,32.30623433011648,1,0.0
S008,31.260372361583524,32.305529551787835,2,80.32
S008,31.26084983097347,32.304694270829636,3,175.83
S008,31.2607418386822,32.30460962047533,4,190.29
S008,31.260179673769052,32.30417033643974,5,265.46
S008,31.259891326546565,32.30395614539172,6,303.44
S008,31.259880362756462,32.3039304937692,7,306.17
S008,31.259892422925507,32.30388688601092,8,310.52
S008,31.26010073469304,32.3035380239447,9,350.97
S008,31.26057985001355,32.30270178105066,10,446.66
S008,31.261056770171134,32.301853994926475,11,543.13
S008,31.26140322100426,32.30126657277084,12,610.96
S008,31.261892196914662,32.30039698276754,13,709.9
S008,31.262028144923978,32.30016098784038,14,736.95
S008,31.26217944167182,32.299894210966215,15,767.38
S008,31.262253993603295,32.29977877866489,16,781.13
S008,31.262329093651186,32.29964667280891,17,796.21
S008,31.26227043887436,32.299584467624314,18,805.01
S008,31.262142165684004,32.29948763274931,19,821.99
S008,31.261673473698405,32.299118249385074,20,884.83
S008,31.26123712210848,32.29877451764335,21,943.32
S008,31.260522290521227,32.29822685550262,22,1038.33
S008,31.259838152152682,32.29769586691653,23,1129.63
S008,31.259034502510776,32.29708984733457,24,1235.95
S008,31.25914852688743,32.29689361242231,25,1258.5
S008,31.25938589449893,32.29648831678655,26,1305.2
S008,31.25969726727354,32.295934241740184,27,1368.23
S008,31.25991106136554,32.29554818482133,28,1411.95
S008,31.26007990353697,32.2951351936988,29,1455.46
S008,31.26014130061534,32.29491202458291,30,1477.75
S008,31.260213661406414,32.29471963741404,31,1497.73
S008,31.260454863642693,32.29426303853324,32,1548.75
S008,31.26075965467783,32.29370126800013,33,1611.99
S008,31.26114776845615,32.29300354386768,34,1691.11
S008,31.26150518255787,32.29235712298025,35,1764.29
S008,31.261647709276136,32.29208265061933,36,1794.82
S008,31.26187575157769,32.29170044144383,37,1839.12
S008,31.262042397526514,32.291410578109385,38,1872.32
S008,31.262127913096528,32.291251538049785,39,1890.18
S008,31.26219588695588,32.291133540586195,40,1903.71
S008,31.262277016981997,32.29104375990739,41,1916.12
S008,31.262399808240197,32.29095910955309,42,1931.97
S008,31.26248532348635,32.290887285010044,43,1943.68
S008,31.262614692557626,32.290720549463686,44,1965.08
S008,31.262693081357742,32.29057690037758,45,1981.28
S008,31.2625538452623,32.290469804853586,46,1999.81
S008,31.262454077540017,32.290648724920636,47,2020.11
S008,31.26237952576659,32.290771852708716,48,2034.45
S008,31.262325804599254,32.29083405789332,49,2042.86
S008,31.262279209684415,32.29087702436104,50,2049.46
S008,31.262216717644918,32.29090139340243,51,2056.78
S008,31.262152032858666,32.290895621787364,52,2063.99
S008,31.262072547255553,32.290847524995144,53,2073.95
S008,31.261439949103462,32.290368480944636,54,2157.74
S008,31.260896152502166,32.2899593375655,55,2229.63
S008,31.2605036522019,32.28965536583868,56,2281.97
S008,31.259968621230655,32.28925904827079,57,2352.39
S008,31.259453322141134,32.28886144812179,58,2421.03
S008,31.25809379614742,32.2878251225721,59,2601.46
S008,31.25658513793005,32.28668619053235,60,2801.12
S008,31.256421406130457,32.28656306274428,61,2822.76
S008,31.256376087457173,32.286450195605205,62,2834.62
S008,31.256167036521354,32.286296285870094,63,2862.08
S008,31.255322787647355,32.2856549953072,64,2974.01
S008,31.254854975496443,32.28529587259197,65,3036.23
S008,31.254261435493447,32.28484098381934,66,3115.13
S008,31.253814085143226,32.28450580261846,67,3174.21
S008,31.253507078774337,32.28426980769131,68,3215.06
S008,31.253015866507535,32.283897004110734,69,3280.16
S008,31.252621140512506,32.28358234420787,70,3333.28
S008,31.252059749588028,32.28315823738225,71,3407.59
S008,31.251822911790576,32.282992356889984,72,3438.29
S008,31.252078755064552,32.28256996017255,73,3487.49
S008,31.25211676600609,32.28249300530499,74,3495.94
S008,31.25208898878109,32.282422890870116,75,3503.29
S008,31.252029048425577,32.28237329773325,76,3511.45
S008,31.25198811352679,32.28240236957211,77,3516.78
S008,31.251825835717636,32.28271531936681,78,3551.57
S008,31.251733731972138,32.28287948975092,79,3570.24
S008,31.251463268073202,32.282677696987115,80,3605.91
S008,31.250961811335,32.282298052973864,81,3672.33
S008,31.250175264497408,32.28170635554783,82,3776.31
S008,31.24961385902976,32.2812617274242,83,3851.7
S008,31.24875712446056,32.280615306536795,84,3965.07
S008,31.24824834325599,32.2802117210092,85,4033.42
S008,31.24769277444175,32.27978419396725,86,4107.37
S008,31.24725416517423,32.27944559255004,87,4165.81
S008,31.24550848010015,32.278101447530176,88,4398.2
S008,31.244347596281624,32.277229292364616,89,4551.62
S008,31.244279365890275,32.27718254940802,90,4560.41
S008,31.2445132984554,32.27666609674136,91,4615.98
S008,31.244506475430462,32.276588571837756,92,4623.38
S008,31.24444506818376,32.276544109025394,93,4631.42
S008,31.24440412999711,32.276568050539744,94,4636.5
S008,31.244365141231434,32.27663873501068,95,4644.5
S008,31.243876318215733,32.27749264902244,96,4742.2
S008,31.24381734737183,32.277576444322676,97,4752.52
S008,31.243454748976905,32.27762603745954,98,4793.11
S008,31.242748555365168,32.27774061470679,99,4872.39
S008,31.242054053392177,32.27784835152135,100,4950.29
S008,31.241809879906214,32.27786887281937,101,4977.51
S008,31.241697296709056,32.27786203238669,102,4990.04
S008,31.24136978119064,32.27780730892532,103,5026.83
S008,31.240811247642153,32.27768760135358,104,5089.97
S008,31.240387227821415,32.27758328475535,105,5138.15
S008,31.240033389134734,32.277484098481615,106,5178.61
S008,31.23976581602458,32.27740714361407,107,5209.25
S008,31.239360799547036,32.27728059560965,108,5255.87
S008,31.239278918748482,32.277249813662635,109,5265.43
S008,31.239198500037972,32.27737978188338,110,5280.68
S008,31.23911954341922,32.27760893637787,111,5304.17
S008,31.239071292119718,32.27790820530722,112,5333.13
S008,31.239043511057307,32.27817498218139,113,5358.68
S008,31.239093224531636,32.278496482516935,114,5389.74
S008,31.239273070117303,32.27976025245292,115,5511.54
S008,31.23943244518754,32.280906024925315,116,5621.9
S008,31.239564039079553,32.28185342485027,117,5713.16
S008,31.23974680806989,32.28311719478625,118,5835.01
S008,31.23986670433546,32.28404920373767,119,5924.62
S008,31.23989448515576,32.28420653368911,120,5939.89
S008,31.24011819356883,32.28413983947057,121,5965.56
S008,31.24062117002686,32.28403552287234,122,6022.36
S008,31.24118701534068,32.283922655733264,123,6086.19
S008,31.242283605135633,32.28373368878072,124,6209.44
S008,31.243627275806155,32.2834857230964,125,6360.7
S008,31.24410976441822,32.28342073898604,126,6414.71
S008,31.244469436143575,32.28334549422665,127,6455.33
S008,31.24450818118674,32.28333865379397,128,6459.69
S008,31.244979197191384,32.28677388701689,129,6790.44
S008,31.244995097195954,32.28687264576358,130,6800.0
S008,31.245050473053016,32.28687456963527,131,6806.16
S008,31.245083369586396,32.28685020059388,132,6810.49
S008,31.245046635123373,32.28658663017252,133,6835.87
S008,31.24486241431718,32.28518220383975,134,6970.95
S008,31.244612399791137,32.28335837347885,135,7146.55
S008,31.24460582045257,32.2832711579623,136,7154.87
S008,31.24501812478401,32.28316342114773,137,7201.85
S008,31.245901941301838,32.28296205591097,138,7301.97
S008,31.246385514828614,32.28285816683977,139,7356.64
S008,31.247098260410105,32.28270425710468,140,7437.24
S008,31.248045655439796,32.28250930477356,141,7544.2
S008,31.248771546588916,32.282357960200706,142,7626.19
S008,31.24957857309821,32.282183529167604,143,7717.44
S008,31.2500763822064,32.28208605300204,144,7773.57
S008,31.250324189286218,32.28203859750038,145,7801.49
S008,31.250371338347243,32.281950099402714,146,7811.4
S008,31.251228241016484,32.28260485706742,147,7925.21
S008,31.251679989516894,32.282961414620395,148,7985.81
S008,31.251072540789743,32.28403108727933,149,8107.89
S008,31.250890524706193,32.28439790548131,150,8148.2
S008,31.25098262927425,32.28447486034886,151,8160.79
S008,31.251778672154074,32.28305889078595,152,8321.89
S008,31.253280828451615,32.28421834412369,153,8522.01
S008,31.254407917297698,32.285075820860804,154,8671.51
S008,31.255565753622747,32.28595367638692,155,8824.93
S008,31.256255770537763,32.28648723013526,156,8916.91
S008,31.255975086299532,32.286970620710676,157,8972.45
S008,31.255105739543986,32.28851199820588,158,9147.99
S008,31.254850391778543,32.288995388781295,159,9202.0
S008,31.25442351114726,32.28868528916688,160,9257.87
S008,31.253754922535087,32.28816541628388,161,9347.14
S008,31.25363017078299,32.28807193037071,162,9363.62
S008,31.253608729059003,32.28810613253406,163,9367.65
S008,31.253593135074855,32.28815173541854,164,9372.32
S008,31.2536048305632,32.28819961844724,165,9377.05
S008,31.2544196126851,32.2888129772434,166,9484.79
S008,31.25546829319999,32.289604187289015,167,9623.55
S008,31.256626116519456,32.29045468108445,168,9775.57
S008,31.257685980214177,32.29126698246412,169,9916.47
S008,31.258109922359978,32.29159361312417,170,9972.91
S008,31.258678586593092,32.2920108795171,171,10047.55
S008,31.258966572057258,32.29221609249723,172,10085.05
S008,31.258769221707027,32.29255640402261,173,10124.14
S008,31.258472464477713,32.293062596040265,174,10182.48
S008,31.258447612844744,32.293129290258804,175,10189.4
S008,31.258488544942615,32.29318572382834,176,10196.43
S008,31.258557252352723,32.29321650577536,177,10204.61
S008,31.259079134664823,32.292257135093244,178,10312.7
S008,31.259628789106003,32.292674401486174,179,10385.56
S008,31.260236913694087,32.293129290258804,180,10465.83
S008,31.260780714093766,32.29353287578639,181,10537.44
S008,31.26087280901251,32.29365942379081,182,10553.23
S008,31.26143853297033,32.29407498007557,183,10627.51
S008,31.262081729216337,32.294548680038034,184,10712.02
S008,31.26213435416973,32.29459143274223,185,10719.15
S008,31.26176597887969,32.295246404170484,186,10793.67
S008,31.261264576868893,32.2961305300932,187,10894.52
S008,31.26096636566334,32.29667434449055,188,10955.93
S008,31.260633069671467,32.29727972278194,189,11024.37
S008,31.260291001508577,32.29789194150598,190,11093.9
S008,31.260238375527322,32.29798428734704,191,11104.44
S008,31.259879494789498,32.29771494531062,192,11151.86
S008,31.25972746343408,32.29759609279296,193,11172.19
S008,31.259680684506225,32.297611483766474,194,11177.59
S008,31.25965510227025,32.29766962744417,195,11183.81
S008,31.25966460424442,32.29771494531062,196,11188.24
S008,31.259882418467004,32.2978748404243,197,11216.84
S008,31.260215717109695,32.298140762244394,198,11261.7
S008,31.260782906830983,32.29856315896183,199,11336.46
S008,31.261218529611902,32.298881239081034,200,11393.56
S008,31.261706775573955,32.299243782012596,201,11457.86
S008,31.26204299138466,32.29949174769692,202,11502.06
S008,31.262111696207285,32.29955844191546,203,11511.99
S008,31.26213069966003,32.29967472927086,204,11523.24
S008,31.262110234403067,32.299796146950776,205,11535.0
S008,31.262026911525336,32.2999483465777,206,11552.18
S008,31.26168631022507,32.300528073246575,207,11619.04
S008,31.261429031174742,32.30100006310087,208,11672.25
S008,31.261098660456586,32.30160373128409,209,11740.38
S008,31.260853074394635,32.302043229083196,210,11790.29
S008,31.26072881929839,32.302277513902176,211,11816.5
S008,31.26054609091853,32.302592173805046,212,11852.66
S008,31.26037505683444,32.30290854381608,213,11888.24
S008,31.26013677806385,32.30331725966818,214,11935.26
S008,31.259918964428262,32.303710584546764,215,11979.81
S008,31.25978886074172,32.303936318824896,216,12005.69
S008,31.2596850700317,32.30411759029067,217,12026.42
S008,31.259538885739506,32.304363845866824,218,12054.92
S008,31.259290371923175,32.30479992344961,219,12104.74
S008,31.258981921511655,32.30535570860412,220,12167.72
S008,31.258920523679116,32.305457460040095,221,12179.56
S008,31.259276484367074,32.30571483131935,222,12226.09
S008,31.25980421006237,32.306103880927495,223,12295.45
S008,31.259953317618944,32.306217603120665,224,12315.25
S009,31.254244826038295,32.31381759760932,1,0.0
S009,31.25930946920151,32.310684441962515,2,637.06
S011,31.254310976468926,32.315411719710475,1,0.0
S011,31.254009731086104,32.31518679271296,2,39.74
S011,31.253877268273065,32.31543171322138,3,67.29
S011,31.253644389651157,32.3156891296741,4,102.92
S011,31.25343928506801,32.3157666045288,5,126.88
S011,31.253341005630677,32.31574161264019,6,138.07
S011,31.25314444644907,32.315604157252814,7,163.53
S011,31.253073941425512,32.315769103717656,8,181.06
S011,31.252975661607856,32.31582658506147,9,193.28
S011,31.25288806429283,32.31599403071519,10,211.94
S011,31.252862426038917,32.31614148285801,11,226.24
S011,31.252870972124335,32.31621395933499,12,233.2
S011,31.252257788532475,32.317303605678546,13,357.21
S011,31.25169801466822,32.31835076581147,14,474.61
S011,31.251330527731387,32.31899305734885,15,548.08
S011,31.250817752871015,32.31993525154959,16,654.25
S011,31.25028360943015,32.320894940072364,17,763.11
S011,31.249591355035008,32.32214703369192,18,904.86
S011,31.248606379385233,32.32389646589488,19,1103.99
S011,31.247773094782335,32.32539597921171,20,1274.01
S011,31.24729876026262,32.32624570342458,21,1370.48
S011,31.2467902368248,32.32586832590651,22,1437.44
S011,31.245698397838986,32.32505858871542,23,1581.2
S011,31.24484585725156,32.3244387898778,24,1692.82
S011,31.245245419838515,32.32371652429686,25,1774.6
S011,31.2452710601607,32.32359656323152,26,1786.36
S011,31.245251829919713,32.32349909486592,27,1795.87
S011,31.245187729088126,32.32345660865528,28,1804.06
S011,31.245112944729634,32.32347410297731,29,1812.54
S011,31.24501465662554,32.32356407377631,30,1826.42
S011,31.244901411509215,32.323714025107996,31,1845.44
S011,31.244469796801905,32.32455625175429,32,1938.79
S011,31.244307406599365,32.32444222626248,33,1959.85
S011,31.242553948551766,32.32309016508847,34,2193.38
S011,31.242062493692405,32.323950510854004,35,2291.75
S011,31.240557130178026,32.3228021335722,36,2491.6
S011,31.24024943049517,32.32257470738582,37,2532.07
S011,31.238778227533224,32.32145632037036,38,2727.18
S011,31.238531422177577,32.321266382016894,39,2760.03
S011,31.238252563402458,32.321758722222576,40,2816.18
S011,31.237745059687885,32.32133885849387,41,2885.3
S011,31.237155283524817,32.32097022813682,42,2959.66
S011,31.236064401606484,32.32033043578831,43,3095.36
S011,31.236415921249566,32.31974687518917,44,3163.22
S011,31.236572982794982,32.319620666151664,45,3184.41
S011,31.23686466782941,32.31912707635154,46,3241.46
S011,31.237665995705836,32.319760620727905,47,3349.01
S011,31.23816388400261,32.32016798851231,48,3416.58
S011,31.23834337956904,32.32024296417815,49,3437.77
S011,31.238813485388544,32.32031544065513,50,3490.5
S011,31.24054537777801,32.320741552356,51,3687.29
S011,31.24132958017348,32.32095648259808,52,3776.85
S011,31.24148342838084,32.32099896880872,53,3794.43
S011,31.241603087924425,32.32098647286442,54,3807.79
S011,31.242412922636355,32.32118640797333,55,3899.82
S011,31.243467940951724,32.32147318989516,56,4020.26
S011,31.243998650773054,32.320511939379344,57,4129.04
S011,31.24476305997998,32.31916112779977,58,4283.04
S011,31.245327148341232,32.31813271158332,59,4399.2
S011,31.245424367775215,32.317955269174156,60,4419.24
S011,31.24548953679032,32.317905285396925,61,4427.9
S011,31.245744870694914,32.31784905364755,62,4456.79
S011,31.24739437518301,32.31745168261859,63,4644.06
S011,31.248424232545585,32.31719676535473,64,4761.11
S011,31.24864537265131,32.31712803766104,65,4786.55
S011,31.248709471135868,32.31719676535472,66,4796.22
S011,31.24878104772553,32.3172080117046,67,4804.25
S011,31.248872922074547,32.317180520627126,68,4814.8
S011,31.248937020404643,32.3170530619952,69,4828.85
S011,31.249578001312372,32.316908109041236,70,4901.45
S011,31.25049459645037,32.31668068285486,71,5005.64
S011,31.250973188044718,32.31657071854495,72,5059.87
S011,31.25193891012541,32.31634329235857,73,5169.41
S011,31.252434586649198,32.316223331293216,74,5225.69
S011,31.252797796242966,32.31616584994941,75,5266.45
S011,31.252891803204307,32.31620333778232,76,5277.49
S011,31.252938806649876,32.316258319937276,77,5284.88
S011,31.253030676953195,32.316260819126136,78,5295.1
S011,31.253118274135886,32.316205836971186,79,5306.16
S011,31.25322509985845,32.31602839456203,80,5326.79
S011,31.253566941358336,32.31593092619644,81,5365.91
S011,31.253763499660295,32.31587344485262,82,5388.44
S011,31.254096793237014,32.31579347080906,83,5426.27
S011,31.254216436798053,32.31577347729817,84,5439.71
S010,31.25428314276541,32.31540526347258,1,0.0
S010,31.254005873524896,32.3151919993564,2,36.9
S010,31.253909019009242,32.31536083344837,3,56.23
S010,31.253688722093788,32.31564518560328,4,92.7
S010,31.25354059112022,32.31574071015532,5,111.51
S010,31.253377266956882,32.31576958967105,6,129.88
S010,31.25314937230328,32.315605198581494,7,159.65
S010,31.253077205548294,32.315771811172255,8,177.41
S010,31.252961358799933,32.31584289921098,9,191.95
S010,31.252868301472883,32.316022840809,10,211.94
S010,31.252359333245018,32.316073935336824,11,268.75
S010,31.250971051480622,32.31642048952561,12,426.59
S010,31.249846737198503,32.31669595567566,13,554.32
S010,31.24889523779453,32.316926991801516,14,662.38
S010,31.24881167251859,32.316855903762786,15,673.87
S010,31.248714812674404,32.316864789767635,16,684.67
S010,31.248631247238798,32.316953649816035,17,697.23
S010,31.248625549592767,32.31703584536081,18,705.07
S010,31.248553379379963,32.317111376401954,19,715.84
S010,31.247955124176357,32.31817103247919,20,836.56
S010,31.247024497436943,32.319863816401316,21,1027.88
S010,31.246097660058645,32.3215699293307,22,1220.05
S010,31.245809920784456,32.32207754235721,23,1277.95
S010,31.244684595401942,32.32178430419747,24,1406.15
S010,31.242462394504063,32.32119782787798,25,1659.45
S010,31.241578247897785,32.320972345505155,26,1760.08
S010,31.24143199728547,32.32088570695796,27,1778.31
S010,31.24089637622646,32.320737977127486,28,1839.5
S010,31.23961524190479,32.32037698318083,29,1986.03
S010,31.238798497833873,32.32019482008159,30,2078.48
S010,31.23834263760731,32.320114846038024,31,2129.74
S010,31.237556273546087,32.319563913737916,32,2231.67
S010,31.236169673626037,32.318426505118325,33,2419.99
S010,31.23583156809347,32.31814881746706,34,2465.93
S010,31.235700504387427,32.31802219189808,35,2484.84
S010,31.234634892724277,32.3190563007114,36,2638.81
S010,31.23419040944088,32.31867975625629,37,2699.84
S010,31.233520831316294,32.318144374464644,38,2790.03
S010,31.233042151280173,32.31775561175287,39,2854.83
S010,31.232512181268525,32.31726243848422,40,2930.14
S010,31.232316528505763,32.31707472163196,41,2958.28
S010,31.2320306467987,32.31756123039698,42,3014.41
S010,31.23139239614548,32.31856979194638,43,3133.71
S010,31.231637439316852,32.31863865848389,44,3161.73
S010,31.23213892103537,32.31787890507004,45,3252.99
S010,31.23257961489384,32.318263224779386,46,3314.11
S010,31.232526427813088,32.318354306329006,47,3324.6
S010,31.232786664315906,32.318563127442765,48,3359.69
S010,31.232932928313076,32.31833653431933,49,3386.69
S010,31.23316585800998,32.31853313717642,50,3418.63
S010,31.233225693068775,32.31843261424667,51,3430.27
S010,31.2337259791608,32.31884081509401,52,3498.1
S010,31.233602391884194,32.31903866754554,53,3521.4
S010,31.23421569660683,32.31951351342921,54,3603.19
S010,31.233982769498123,32.319899638108296,55,3648.11
S010,31.234067178929557,32.31996961539642,56,3659.62
S010,31.234319872536116,32.31953913011505,57,3709.27
S010,31.234606222190944,32.319251723395986,58,3751.22
S010,31.23533277712187,32.31851446268188,59,3858.18
S010,31.235685367942253,32.318167075430146,60,3909.45
S010,31.237106402454785,32.31931420311752,61,4101.45
S010,31.237978244627957,32.32001397599871,62,4219.02
S010,31.238206888179814,32.320190168813426,63,4249.47
S010,31.23831266234601,32.32022765664635,64,4261.76
S010,31.238491089206452,32.32025639731826,65,4281.79
S010,31.23964711614862,32.32049132107123,66,4412.26
S010,31.240448420421956,32.320713748879896,67,4503.83
S010,31.241307411053505,32.32095866938831,68,4602.15
S010,31.24151040521083,32.32099615722123,69,4625.0
S010,31.241688826030963,32.32102364829871,70,4645.01
S010,31.241944170211166,32.32108362883138,71,4673.97
S010,31.242455924879103,32.321212337057744,72,4732.17
S010,31.243071308866263,32.321377283522594,73,4802.37
S010,31.243634338967027,32.32152348607098,74,4866.5
S010,31.244289244519887,32.321694680507996,75,4941.12
S010,31.244991152933327,32.3218783708893,76,5021.1
S010,31.24570908125617,32.32206830924277,77,5102.95
S010,31.245802026934648,32.322098299509115,78,5113.67
S010,31.245630023940418,32.32241194771122,79,5149.09
S010,31.245539214779825,32.32262187957557,80,5171.46
S010,31.24553280471813,32.322759334962946,81,5184.55
S010,31.245601178687107,32.32283306103436,82,5194.89
S010,31.245672757632832,32.32281306752346,83,5203.07
S010,31.245759293300736,32.32272934469661,84,5215.56
S010,31.245877879087228,32.32256689742062,85,5235.87
S010,31.246305214019568,32.321798396845736,86,5323.02
S010,31.247123555017644,32.320310129878784,87,5491.24
S010,31.248129912422797,32.31852071065404,88,5694.85
S010,31.248755942509955,32.31733609513374,89,5827.24
S010,31.24882004091946,32.31724362514586,90,5838.56
S010,31.248892685730958,32.31714115840255,91,5851.21
S010,31.24892900811575,32.317058685170124,92,5860.03
S010,31.249826380244386,32.31684875330577,93,5961.79
S010,31.250883986447107,32.316598834419636,94,6081.77
S010,31.252103957877587,32.31630143094513,95,6220.34
S010,31.25285815299592,32.31616147636888,96,6305.25
S010,31.25288806429283,32.316231453657004,97,6312.69
S010,31.252969252050974,32.316278938245375,98,6322.78
S010,31.253071804908828,32.31625644554562,99,6334.38
S010,31.253142309933974,32.31616647474661,100,6345.98
S010,31.253223497473474,32.316026520170375,101,6362.06
S010,31.25410160034728,32.315796594795124,102,6462.12
S010,31.254227653374116,32.315776601284234,103,6476.26
S010,31.254270383175516,32.315814089117154,104,6482.2
S012,31.254344626159494,32.31543608680189,1,0.0
S012,31.254002787475557,32.31518366872689,2,44.95
S012,31.253797683671053,32.31552605760089,3,84.69
S012,31.25358616990595,32.31572599270981,4,114.93
S012,31.253372519157082,32.31577347729818,5,139.11
S012,31.253154594895133,32.315606031644464,6,168.11
S012,31.25307768032963,32.315765979731594,7,185.55
S012,31.252977263997035,32.31583345783085,8,198.43
S012,31.252870437994048,32.31601839780659,9,219.64
S012,31.252684560460704,32.31602839456204,10,240.33
S012,31.25196454863013,32.31617584670486,11,321.61
S012,31.250885588871796,32.31644825829075,12,444.35
S012,31.24968055785385,32.31673816419866,13,581.15
S012,31.24890283463404,32.31692560336327,14,669.45
S012,31.24878745756678,32.31684063094198,15,684.61
S012,31.248706266212707,32.316868122019464,16,694.0
S012,31.248610118466296,32.31699058227367,17,709.81
S012,31.248434915654414,32.31704806361748,18,730.04
S012,31.247541803585623,32.317245499537535,19,831.11
S012,31.24662090645892,32.31746292896847,20,935.58
S012,31.245541885638776,32.31773034217664,21,1058.22
S012,31.244892330527065,32.31789778783035,22,1132.18
S012,31.243567566122948,32.31688311715263,23,1308.26
S012,31.243088936994347,32.31774283812094,24,1405.8
S012,31.24240945040476,32.31896494147415,25,1544.39
S012,31.24137952744886,32.31817519779396,26,1681.33
S012,31.23968183947473,32.31688686593591,27,1906.35
S012,31.238869844508756,32.31629705736462,28,2012.64
S012,31.23877368674793,32.31615710278838,29,2029.71
S012,31.238688213100566,32.31596466524606,30,2050.33
S012,31.238673255204326,32.31582471066982,31,2063.74
S012,31.238600602531754,32.31571724554879,32,2076.76
S012,31.238602739375864,32.31565726501611,33,2082.47
S012,31.238510855035553,32.3153473655973,34,2113.65
S012,31.23760910165083,32.31459760893888,35,2236.68
S012,31.235346132858783,32.31271072134854,36,2545.71
S012,31.234230655208908,32.3117810230921,37,2698.02
S012,31.233260478115344,32.31096378833444,38,2830.97
S012,31.232671742445046,32.31046520015659,39,2911.8
S012,31.2325424551732,32.31038897489632,40,2927.89
S012,31.232502921013428,32.31040022124619,41,2932.42
S012,31.23240889375618,32.31028775774743,42,2947.37
S012,31.232311660925834,32.310275261803135,43,2958.25
S012,31.232222975949373,32.310326495174785,44,2969.25
S012,31.232168482729776,32.31045645299558,45,2983.01
S012,31.232204811546328,32.31060265554397,46,2997.49
S012,31.232162071760694,32.310791344303006,47,3016.05
S012,31.232086208593575,32.31105001035015,48,3042.05
S012,31.231898153156127,32.31148986758976,49,3088.81
S012,31.23143549244701,32.312502039078616,50,3197.93
S012,31.23102946039706,32.31335176329149,51,3290.48
S012,31.230851019444287,32.31362667406625,52,3323.3
S012,31.230644796845585,32.31387409376353,53,3356.15
S012,31.230432162710358,32.31404528820053,54,3384.86
S012,31.230247309530647,32.31413026062182,55,3406.94
S012,31.230031468944112,32.3141577516993,56,3431.08
S012,31.22969167929899,32.31410526873321,57,3469.2
S012,31.228375250018154,32.313915330379736,58,3616.69
S012,31.227152834979726,32.31376537904806,59,3753.36
S012,31.226752127308384,32.313717894459685,60,3798.14
S012,31.226506359096046,32.31357669028902,61,3828.59
S012,31.2262007507753,32.3131893160155,62,3878.71
S012,31.22572523936013,32.31252953015609,63,3960.75
S012,31.224229232787867,32.31043520989027,64,4220.23
S012,31.22411275699687,32.31049144163964,65,4234.24
S012,31.223689596034465,32.310742610120215,66,4287.01
S012,31.223440614077866,32.31089381104633,67,4318.21
S012,31.223294216655557,32.31101752089497,68,4338.29
S012,31.223190562869075,32.311027517650416,69,4349.86
S012,31.222947991192523,32.311258692620086,70,4384.65
S012,31.222633822545244,32.3116498156769,71,4435.68
S012,31.221980904091264,32.31274820918148,72,4562.88
S012,31.221414539095395,32.31373788797058,73,4676.11
S012,31.221017012958303,32.31427271438692,74,4743.5
S012,31.22064940665562,32.31461260407207,75,4795.61
S012,31.219247360191822,32.315812214725526,76,4988.78
S012,31.21821291014089,32.31670192596018,77,5131.57
S012,31.21688349696756,32.31791653174682,78,5319.17
S012,31.214765374017244,32.31986839824756,79,5619.05
S012,31.213598355629543,32.32093055351365,80,5783.49
S012,31.212707051665333,32.32172779476043,81,5908.27
S012,31.211510083484463,32.32281494191513,82,6076.81
S012,31.21012500139416,32.32407453310127,83,6271.92
S012,31.20887883767108,32.32523415673296,84,6449.02
S012,31.206574567157645,32.327380959964884,85,6776.64
S012,31.205982458896443,32.32792828232553,86,6860.57
S012,31.205832828063212,32.328140713378744,87,6886.74
S012,31.205484401062773,32.32849059981933,88,6937.82
S012,31.2050632943247,32.328880473281714,89,6997.54
S012,31.204845258627213,32.32905041812429,90,7026.68
S012,31.20486449709133,32.32912789297898,91,7034.36
S012,31.204944657316343,32.32919287188938,92,7045.2
S012,31.204985806205464,32.32910977385975,93,7054.33
S012,31.205300033495732,32.32883111430171,94,7098.19
S012,31.205771372473844,32.328366265173486,95,7166.76
S012,31.20803905727312,32.32617135255598,96,7494.1
S012,31.211763104583778,32.32275902256435,97,8020.21
S012,31.21536838130827,32.31946524784436,98,8528.96
S012,31.21676193594756,32.318184413552906,99,8726.06
S012,31.217340084106016,32.31766083348644,100,8807.37
S012,31.219488605567225,32.315768947518386,101,9106.44
S012,31.220785389095564,32.31465930766393,102,9285.12
S012,31.22118772499218,32.314239443935215,103,9345.08
S012,31.221501898445865,32.31379146433181,104,9400.17
S012,31.22192987795011,32.313058577198206,105,9484.56
S012,31.2225149404294,32.31202203861795,106,9602.66
S012,31.222835521074046,32.31152907361504,107,9661.55
S012,31.223285935042806,32.31106422448682,108,9728.35
S012,31.22333883049262,32.311009867129094,109,9736.18
S012,31.224040894568038,32.310565636308986,110,9824.94
S012,31.224183550786066,32.31048878625149,111,9842.41
S012,31.22514046389583,32.31183647384499,112,10008.97
S012,31.226204757883842,32.313341610336764,113,10194.68
S012,31.22640030457227,32.31360402516721,114,10227.78
S012,31.226603865039426,32.313750227715595,115,10254.34
S012,31.226919623321713,32.31384769608119,116,10290.65
S012,31.227682567913558,32.3139620339716,117,10376.18
S012,31.22913738146166,32.31419133454963,118,10539.41
S012,31.22956586065349,32.31424881589345,119,10587.37
S012,31.22999113234422,32.314258812648895,120,10634.67
S012,31.23017705454242,32.31425756305446,121,10655.34
S012,31.230326646850106,32.31420757927724,122,10672.64
S012,31.23050615730673,32.314105112533916,123,10694.85
S012,31.230794655540425,32.313817705814856,124,10736.99
S012,31.23100835736787,32.31354779341783,125,10771.97
S012,31.23138233440293,32.312770545681936,126,10856.77
S012,31.23192726971857,32.31154594313986,127,10988.03
S012,31.23210250315227,32.3112222981823,128,11024.45
S012,31.23235359927431,32.31077994175384,129,11074.93
S012,31.232410229371332,32.31068497257711,130,11085.94
S012,31.232464722451503,32.310618744072286,131,11094.68
S012,31.232583324929124,32.31062374245001,132,11107.88
S012,31.232736118892575,32.31067497582166,133,11125.55
S012,31.23312504786638,32.31100986712909,134,11179.25
S012,31.233852682663517,32.31162779157507,135,11279.24
S012,31.23435059105753,32.31204515611492,136,11347.36
S012,31.235619925048624,32.3130948154367,137,11520.22
S012,31.236605036139625,32.31391954776096,138,11654.94
S012,31.237558083947963,32.314689297930265,139,11783.72
S012,31.23818204726006,32.315216626780014,140,11869.32
S012,31.23826752136542,32.3153097215651,141,11882.31
S012,31.238307053112987,32.315398442769684,142,11891.82
S012,31.238326818980564,32.315489038365904,143,11900.71
S012,31.238312395239763,32.31562961773936,144,11914.17
S012,31.23829049251805,32.31583954960371,145,11934.28
S012,31.238301176773177,32.31599449931311,146,11949.06
S012,31.238343913781627,32.316081970923264,147,11958.64
S012,31.23845449570125,32.31613570348378,148,11971.95
S012,31.238537832714563,32.31612883071442,149,11981.24
S012,31.238615827545026,32.316246292590904,150,11995.38
S012,31.238933148314604,32.31648996350489,151,12037.59
S012,31.23939470389474,32.31683485156776,152,12098.5
S012,31.240312466275824,32.31752212850465,153,12219.67
S012,31.241217399031065,32.31821440381925,154,12339.91
S012,31.24231249496226,32.319017893038186,155,12483.65
S012,31.242473820216674,32.3191366045091,156,12504.85
S012,31.242909717539185,32.31834561123447,157,12594.31
S012,31.24333813427085,32.31757461147073,158,12681.73
S012,31.24360415764742,32.31709226802049,159,12736.3
S012,31.244295387576663,32.31759835376492,160,12826.98
S012,31.245228059199842,32.31832561772359,161,12951.62
S012,31.24529750173577,32.31818691274178,162,12966.9
S012,31.2454395916886,32.31793449466677,163,12995.63
S012,31.245659670441672,32.31786076859536,164,13021.09
S012,31.246325245297175,32.31770581888596,165,13096.55
S012,31.24715533770064,32.31749963580489,166,13190.91
S012,31.24837108406142,32.3171984835471,167,13329.09
S012,31.24863816156916,32.317128506258996,168,13359.52
S012,31.248726831134704,32.317200982735976,169,13371.55
S012,31.248810159084265,32.31721097949142,170,13380.87
S012,31.248891350348995,32.31716099571419,171,13391.07
S012,31.248945833921717,32.31705103140429,172,13403.15
S012,31.24958467817403,32.31690857763919,173,13475.47
S012,31.25104502998878,32.31655119363201,174,13641.37
S012,31.25221479075322,32.31628503001827,175,13773.88
S012,31.252565716156433,32.316198808002554,176,13813.75
S012,31.252860556582732,32.316151948211406,177,13846.83
S012,31.25290622471858,32.31623723303131,178,13856.4
S012,31.25297753106196,32.31627940684334,179,13865.29
S012,31.253053644515127,32.31626909768929,180,13873.81
S012,31.253171419948046,32.31613507868659,181,13892.08
S012,31.253213081970767,32.316033861537704,182,13902.75
S012,31.253661748742648,32.31589890533918,183,13954.27
S012,31.253918128797807,32.31583330163157,184,13983.45
S012,31.254152074990603,32.31578456744877,185,14009.87
S013,31.259147,32.293972,0,0.00
S013,31.260188,32.294807,1,140.35
S013,31.260384,32.294384,2,186.08
S013,31.260952,32.293378,3,300.68
S013,31.261817,32.291799,4,478.94
S013,31.262184,32.291165,5,551.72
S013,31.262306,32.291006,6,572.03
S013,31.262450,32.290918,7,590.09
S013,31.262643,32.290668,8,622.11
S013,31.263148,32.289757,9,725.32
S013,31.263669,32.288833,10,830.53
S013,31.263794,32.288623,11,854.85
S013,31.263911,32.288568,12,868.87
S013,31.263966,32.288443,13,882.23
S013,31.263935,32.288315,14,894.88
S013,31.264062,32.288050,15,923.76
S013,31.264586,32.287160,16,1026.47
S013,31.264990,32.286468,17,1106.12
S013,31.265258,32.285950,18,1163.67
S013,31.265477,32.285414,19,1220.14
S013,31.265560,32.285136,20,1248.13
S013,31.265743,32.284475,21,1314.16
S013,31.265816,32.284222,22,1339.54
S013,31.265869,32.283862,23,1374.27
S013,31.265915,32.283390,24,1419.42
S013,31.266118,32.282149,25,1539.51
S013,31.266717,32.279877,26,1765.49
S013,31.268296,32.280456,27,1949.49
S013,31.268334,32.280294,28,1965.46
S013,31.266760,32.279739,29,2148.25
S013,31.265082,32.279139,30,2343.36
S013,31.263623,32.278614,31,2513.09
S013,31.262105,32.278063,32,2689.83
S013,31.261326,32.277804,33,2779.88
S013,31.260648,32.277545,34,2859.18
S013,31.260338,32.277408,35,2896.03
S013,31.260018,32.277148,36,2939.35
S013,31.259614,32.276542,37,3012.40
S013,31.258710,32.275106,38,3181.92
S013,31.257683,32.273479,39,3374.16
S013,31.256039,32.270800,40,3687.64
S013,31.254775,32.268736,41,3928.98
S013,31.253757,32.267093,42,4121.87
S013,31.252303,32.264689,43,4401.80
S013,31.251302,32.263043,44,4593.82
S013,31.250870,32.262314,45,4678.14
S013,31.250440,32.262686,46,4737.61
S013,31.249627,32.263354,47,4848.09
S013,31.248121,32.264600,48,5053.20
S013,31.247014,32.265557,49,5206.27
S013,31.246939,32.265531,50,5214.96
S013,31.246862,32.265534,51,5223.53
S013,31.246762,32.265564,52,5235.01
S013,31.246493,32.265677,53,5266.79
S013,31.246350,32.265730,54,5283.47
S013,31.246148,32.265777,55,5306.37
S013,31.245848,32.265790,56,5339.75
S013,31.245688,32.265781,57,5357.57
S013,31.245588,32.265776,58,5368.70
S013,31.245481,32.265681,59,5383.63
S013,31.245237,32.265596,60,5411.94
S013,31.244591,32.265345,61,5487.63
S013,31.243305,32.264843,62,5638.38
S013,31.242880,32.264660,63,5688.74
S013,31.242119,32.264200,64,5783.99
S013,31.241528,32.263694,65,5865.44
S013,31.241252,32.263383,66,5908.05
S013,31.240983,32.262999,67,5955.25
S013,31.240717,32.262432,68,6016.73
S013,31.240496,32.262073,69,6058.79
S013,31.239972,32.261390,70,6146.03
S013,31.239464,32.260689,71,6233.40
S013,31.238958,32.260113,72,6311.91
S013,31.238130,32.259263,73,6434.42
S013,31.237202,32.258464,74,6562.55
S013,31.236498,32.258013,75,6651.81
S013,31.234929,32.256815,76,6860.16
S013,31.233069,32.255139,77,7121.25
S013,31.231680,32.253840,78,7319.01
S013,31.231578,32.253880,79,7330.98
S013,31.231534,32.253923,80,7337.35
S013,31.231513,32.254013,81,7346.22
S013,31.231515,32.254101,82,7354.59
S013,31.231650,32.254301,83,7378.82
S013,31.231897,32.254668,84,7423.23
S013,31.232395,32.255040,85,7488.93
S013,31.233048,32.255526,86,7575.00
S013,31.234247,32.256702,87,7749.00
S013,31.235599,32.257775,88,7930.68
S013,31.235719,32.257894,89,7948.18
S013,31.235804,32.258005,90,7962.35
S013,31.236391,32.258455,91,8040.39
S013,31.236721,32.258697,92,8083.70
S013,31.237322,32.259183,93,8164.95
S013,31.237826,32.259637,94,8235.69
S013,31.238240,32.259968,95,8291.45
S013,31.238290,32.260119,96,8306.84
S013,31.238256,32.260271,97,8321.78
S013,31.238118,32.260442,98,8344.14
S013,31.237313,32.261558,99,8482.95
S013,31.236012,32.263337,100,8705.52
S013,31.237876,32.265164,101,8975.95
S013,31.237975,32.265014,102,8993.97
S013,31.236237,32.263275,103,9248.30
S013,31.237526,32.261487,104,9470.65
S013,31.238266,32.260471,105,9597.54
S013,31.238365,32.260369,106,9612.21
S013,31.238465,32.260339,107,9623.69
S013,31.238614,32.260347,108,9640.28
S013,31.238901,32.260678,109,9685.10
S013,31.239384,32.261257,110,9762.00
S013,31.239768,32.261795,111,9828.63
S013,31.240002,32.262114,112,9868.59
S013,31.240191,32.262368,113,9900.60
S013,31.240306,32.262482,114,9917.37
S013,31.240376,32.262511,115,9925.62
S013,31.240537,32.262797,116,9958.18
S013,31.240912,32.263539,117,10040.12
S013,31.241140,32.263911,118,10083.64
S013,31.241463,32.264313,119,10136.09
S013,31.241818,32.264573,120,10182.66
S013,31.242215,32.264725,121,10229.11
S013,31.242542,32.264760,122,10265.62
S013,31.242919,32.264827,123,10308.02
S013,31.243219,32.264945,124,10343.22
S013,31.244088,32.265309,125,10445.86
S013,31.245487,32.265843,126,10609.49
S013,31.245606,32.265924,127,10624.80
S013,31.245712,32.266052,128,10641.74
S013,31.245810,32.266241,129,10662.76
S013,31.245872,32.266479,130,10686.41
S013,31.245997,32.266609,131,10705.01
S013,31.246178,32.266621,132,10725.17
S013,31.246383,32.266536,133,10749.35
S013,31.246459,32.266337,134,10770.07
S013,31.247325,32.265500,135,10894.99
S013,31.249114,32.263947,136,11142.71
S013,31.250371,32.262866,137,11316.20
S013,31.250823,32.262513,138,11376.63
S013,31.252852,32.265869,139,11767.37
S013,31.254172,32.268048,140,12021.23
S013,31.255114,32.269592,141,12201.54
S013,31.256218,32.271384,142,12411.51
S013,31.257698,32.273749,143,12690.11
S013,31.258143,32.274420,144,12770.84
S013,31.259123,32.276025,145,12958.32
S013,31.259758,32.277000,146,13074.83
S013,31.260022,32.277354,147,13119.48
S013,31.260238,32.277512,148,13147.81
S013,31.260707,32.277724,149,13203.72
S013,31.263083,32.278585,150,13480.30
S013,31.265514,32.279447,151,13762.76
S013,31.266598,32.279851,152,13889.26
S013,31.266287,32.281041,153,14007.54
S013,31.265996,32.282187,154,14121.16
S013,31.265749,32.283480,155,14247.09
S013,31.265551,32.284614,156,14357.10
S013,31.265318,32.285512,157,14446.29
S013,31.265169,32.285918,158,14488.29
S013,31.264679,32.286788,159,14587.32
S013,31.264207,32.287582,160,14679.24
S013,31.263906,32.288123,161,14740.59
S013,31.263844,32.288212,162,14751.51
S013,31.263755,32.288236,163,14761.66
S013,31.263679,32.288277,164,14770.97
S013,31.263635,32.288360,165,14780.25
S013,31.263635,32.288468,166,14790.52
S013,31.263665,32.288531,167,14797.37
S013,31.263435,32.288921,168,14842.41
S013,31.262921,32.289811,169,14944.50
S013,31.262418,32.290701,170,15045.91
S013,31.262319,32.290856,171,15064.30
S013,31.262221,32.290902,172,15076.04
S013,31.262126,32.290882,173,15086.78
S013,31.261417,32.290352,174,15180.33
S013,31.260595,32.289725,175,15289.45
S013,31.260493,32.289708,176,15300.91
S013,31.260378,32.289748,177,15314.25
S013,31.260011,32.290418,178,15389.88
S013,31.259649,32.291025,179,15460.23
S013,31.259107,32.291966,180,15568.09
S013,31.258573,32.292896,181,15674.58
S013,31.258320,32.293344,182,15725.62
S013,31.259117,32.293948,183,15831.21
S009R,31.259309,32.310684,1,0.0
S009R,31.254245,32.313818,2,637.06
